sysbench 1.0.20 (using bundled LuaJIT 2.1.0-beta2)

Running the test with following options:
Number of threads: 80
Report intermediate results every 1 second(s)
Initializing random number generator from current time


Initializing worker threads...

Threads started!

1,80,764.58,16270.82,11518.64,3143.17,1609.02,127.81,0.00,0.00
2,80,951.31,19034.12,13350.29,3781.22,1902.61,110.66,0.00,0.00
3,80,772.92,15557.39,10880.87,3130.68,1545.84,144.97,0.00,0.00
4,80,994.98,19633.54,13706.68,3936.91,1989.95,123.28,0.00,0.00
5,80,1128.13,22876.64,16060.85,4559.53,2256.26,95.81,0.00,0.00
6,80,1183.99,23576.87,16497.91,4710.97,2367.99,90.78,0.00,0.00
7,80,1211.86,24272.12,16969.99,4878.42,2423.71,87.56,0.00,0.00
8,80,1247.10,24815.93,17364.35,4957.39,2494.19,87.56,0.00,0.00
9,80,1193.97,24104.49,16890.64,4825.90,2387.95,86.00,0.00,0.00
10,80,1124.06,22350.10,15673.77,4428.22,2248.11,155.80,0.00,0.00
11,80,929.97,18530.30,12926.51,3743.86,1859.93,147.61,0.00,0.00
12,80,944.00,18953.06,13282.04,3783.01,1888.01,139.85,0.00,0.00
13,80,1040.90,20804.06,14583.64,4138.61,2081.81,125.52,0.00,0.00
14,80,1142.05,22973.98,16071.68,4618.20,2284.10,108.68,0.00,0.00
15,80,1252.06,24762.12,17286.78,4971.23,2504.11,99.33,0.00,0.00
16,80,1230.98,24829.69,17428.78,4938.94,2461.97,97.55,0.00,0.00
17,80,1284.93,25588.70,17902.09,5116.74,2569.87,92.42,0.00,0.00
18,80,1273.00,25532.06,17873.04,5113.01,2546.01,97.55,0.00,0.00
19,80,1269.05,25450.90,17795.63,5117.18,2538.09,97.55,0.00,0.00
20,80,1230.04,24419.75,17123.52,4836.15,2460.08,101.13,0.00,0.00
21,80,1080.93,21741.66,15213.06,4366.73,2161.87,110.66,0.00,0.00
22,80,1188.03,23774.67,16618.47,4780.13,2376.07,108.68,0.00,0.00
23,80,1349.02,27069.35,18952.24,5419.07,2698.03,92.42,0.00,0.00
24,80,1393.93,27671.59,19354.02,5531.72,2785.86,86.00,0.00,0.00
25,80,1451.09,29061.79,20349.26,5808.36,2904.18,84.47,0.00,0.00
26,80,1484.93,29777.60,20891.02,5916.72,2969.86,82.96,0.00,0.00
27,80,1488.02,29667.32,20737.22,5954.06,2976.03,81.48,0.00,0.00
28,80,1484.01,29522.20,20659.14,5895.04,2968.02,80.03,0.00,0.00
29,80,1412.03,28206.58,19711.40,5671.12,2824.06,84.47,0.00,0.00
30,80,1262.07,25496.37,17907.96,5064.27,2524.14,101.13,0.00,0.00
31,80,1386.85,27839.94,19471.86,5594.39,2773.70,89.16,0.00,0.00
32,80,1561.97,31116.35,21760.54,6231.87,3123.93,81.48,0.00,0.00
33,80,1606.09,32312.74,22623.22,6477.35,3212.17,75.82,0.00,0.00
34,80,1630.96,32372.26,22679.48,6430.85,3261.93,77.19,0.00,0.00
35,80,1641.10,32917.09,23014.46,6620.42,3282.21,77.19,0.00,0.00
36,80,1564.84,31144.82,21816.77,6198.37,3129.68,82.96,0.00,0.00
37,80,1570.02,31637.49,22132.34,6365.10,3140.05,75.82,0.00,0.00
38,80,1541.04,30729.79,21521.55,6126.16,3082.08,77.19,0.00,0.00
39,80,1518.99,30291.75,21203.82,6049.95,3037.97,82.96,0.00,0.00
40,80,1365.05,27502.09,19281.77,5490.22,2730.11,90.78,0.00,0.00
41,80,1378.94,27382.73,19153.11,5471.75,2757.87,87.56,0.00,0.00
42,80,1405.22,28133.42,19693.09,5629.88,2810.44,84.47,0.00,0.00
43,80,1444.85,28973.92,20270.85,5813.38,2889.69,81.48,0.00,0.00
44,80,1547.04,30815.81,21572.57,6149.16,3094.08,77.19,0.00,0.00
45,80,1485.92,29696.47,20804.93,5919.70,2971.85,89.16,0.00,0.00
46,80,1522.11,30525.25,21336.57,6144.45,3044.22,77.19,0.00,0.00
47,80,1566.93,31278.56,21901.99,6242.71,3133.86,74.46,0.00,0.00
48,80,1478.89,29456.84,20597.49,5908.57,2950.78,82.96,0.00,0.00
49,80,1492.11,30013.23,21029.56,5992.45,2991.22,80.03,0.00,0.00
50,80,1521.92,30453.49,21315.94,6093.70,3043.85,82.96,0.00,0.00
51,80,1628.07,32619.50,22834.05,6529.30,3256.15,73.13,0.00,0.00
52,80,1626.06,32353.24,22666.87,6434.25,3252.12,75.82,0.00,0.00
53,80,1639.93,32894.58,23008.01,6606.71,3279.86,71.83,0.00,0.00
54,80,1650.98,32968.65,23041.76,6625.93,3300.97,73.13,0.00,0.00
55,80,1702.91,34224.19,24008.73,6808.64,3406.82,69.29,0.00,0.00
56,80,1660.05,33211.02,23195.71,6695.20,3320.10,71.83,0.00,0.00
57,80,1706.04,34021.81,23846.57,6763.16,3412.08,69.29,0.00,0.00
58,80,1626.98,32560.63,22797.74,6508.93,3253.96,73.13,0.00,0.00
59,80,1597.03,31953.55,22382.39,6377.11,3194.06,78.60,0.00,0.00
60,80,1706.88,34199.52,23934.27,6851.50,3413.75,74.46,0.00,0.00
61,80,1775.13,35365.66,24752.86,7062.53,3550.27,66.84,0.00,0.00
62,80,1776.93,35545.56,24871.99,7119.71,3553.86,70.55,0.00,0.00
63,80,1849.08,36930.59,25871.12,7361.32,3698.16,65.65,0.00,0.00
64,80,1901.98,38161.58,26696.70,7660.91,3803.96,62.19,0.00,0.00
65,80,1877.92,37456.34,26231.84,7468.67,3755.83,65.65,0.00,0.00
66,80,1886.08,37763.67,26392.17,7599.34,3772.17,63.32,0.00,0.00
67,80,1980.05,39672.90,27822.63,7890.18,3960.09,61.08,0.00,0.00
68,80,1839.94,36970.80,25846.16,7444.76,3679.88,65.65,0.00,0.00
69,80,1844.05,36584.93,25632.65,7264.18,3688.09,68.05,0.00,0.00
70,80,1868.98,37406.62,26175.74,7492.92,3737.96,64.47,0.00,0.00
71,80,1875.99,37646.77,26326.84,7567.95,3751.98,64.47,0.00,0.00
72,80,2008.01,40160.25,28138.17,8006.05,4016.02,64.47,0.00,0.00
73,80,2031.98,40637.56,28441.69,8131.91,4063.96,57.87,0.00,0.00
74,80,2091.91,41732.26,29234.78,8313.65,4183.83,59.99,0.00,0.00
75,80,2112.11,42062.23,29377.55,8460.45,4224.22,56.84,0.00,0.00
76,80,1927.01,38941.22,27313.15,7774.04,3854.02,61.08,0.00,0.00
77,80,1969.78,39285.62,27506.94,7839.13,3939.56,62.19,0.00,0.00
78,80,1945.17,39195.43,27401.40,7903.69,3890.34,64.47,0.00,0.00
79,80,2029.96,40347.15,28251.41,8035.83,4059.91,58.92,0.00,0.00
80,80,1967.04,39090.85,27375.59,7781.17,3934.09,64.47,0.00,0.00
81,80,2049.73,41227.57,28841.20,8286.91,4099.46,58.92,0.00,0.00
82,80,2200.50,43692.87,30583.91,8707.97,4400.99,54.83,0.00,0.00
83,80,2134.79,43066.85,30145.09,8652.17,4269.59,54.83,0.00,0.00
84,80,2253.03,44956.62,31476.43,8974.12,4506.06,52.89,0.00,0.00
85,80,2342.99,46781.78,32734.84,9360.96,4685.98,51.02,0.00,0.00
86,80,2281.05,45557.99,31894.70,9101.20,4562.10,52.89,0.00,0.00
87,80,2268.01,45595.14,31931.10,9128.03,4536.01,52.89,0.00,0.00
88,80,2322.11,46283.17,32396.52,9242.43,4644.22,51.94,0.00,0.00
89,80,2221.87,44477.30,31100.11,8933.46,4443.73,56.84,0.00,0.00
90,80,2120.96,42661.12,29906.38,8512.82,4241.91,59.99,0.00,0.00
91,80,2265.03,45021.65,31533.45,8958.13,4530.07,55.82,0.00,0.00
92,80,2082.95,42035.92,29367.24,8502.78,4165.89,58.92,0.00,0.00
93,80,2369.05,47093.03,32992.72,9362.21,4738.10,51.94,0.00,0.00
94,80,2368.97,47615.47,33319.63,9557.89,4737.95,51.02,0.00,0.00
95,80,1623.85,32265.98,22585.89,6432.40,3247.70,158.63,0.00,0.00
96,80,2500.29,49788.75,34859.03,9929.15,5000.58,47.47,0.00,0.00
97,80,2483.67,49897.40,34951.38,9978.68,4967.34,47.47,0.00,0.00
98,80,2453.14,48957.83,34287.98,9763.56,4906.28,50.11,0.00,0.00
99,80,2452.15,49225.10,34400.17,9920.62,4904.31,49.21,0.00,0.00
100,80,2551.79,50839.82,35591.08,10145.17,5103.58,47.47,0.00,0.00
101,80,2511.16,50303.13,35243.19,10037.62,5022.31,46.63,0.00,0.00
102,80,2418.05,48119.91,33671.64,9612.18,4836.09,51.02,0.00,0.00
103,80,2444.99,49212.79,34458.85,9863.96,4889.98,50.11,0.00,0.00
104,80,2369.99,47295.83,33075.88,9479.97,4739.98,53.85,0.00,0.00
105,80,1915.10,38466.91,26937.34,7699.38,3830.19,108.68,0.00,0.00
106,80,2725.92,54528.41,38190.89,10885.68,5451.84,43.39,0.00,0.00
107,80,2556.16,50960.26,35691.29,10156.65,5112.33,46.63,0.00,0.00
108,80,2568.76,51463.17,35991.62,10334.03,5137.52,47.47,0.00,0.00
109,80,2608.11,51921.28,36312.59,10392.46,5216.23,45.79,0.00,0.00
110,80,2726.95,54704.01,38338.31,10911.80,5453.90,44.17,0.00,0.00
111,80,2766.01,55179.15,38601.10,11046.03,5532.01,44.17,0.00,0.00
112,80,2667.94,53540.82,37497.18,10707.76,5335.88,46.63,0.00,0.00
113,80,2822.10,56491.96,39542.37,11305.39,5644.20,41.85,0.00,0.00
114,80,2767.07,54867.40,38354.98,10978.28,5534.14,43.39,0.00,0.00
115,80,2523.86,50771.09,35584.96,10138.42,5047.71,50.11,0.00,0.00
116,80,2802.13,55800.68,39076.87,11119.53,5604.27,43.39,0.00,0.00
117,80,2636.04,52767.88,36889.61,10606.18,5272.09,46.63,0.00,0.00
118,80,2699.01,54341.26,38057.18,10886.05,5398.03,44.17,0.00,0.00
119,80,2785.91,55755.25,39050.77,11132.65,5571.82,43.39,0.00,0.00
120,80,2868.01,57364.12,40137.08,11491.02,5736.01,41.10,0.00,0.00
121,80,2944.98,58819.62,41136.73,11792.92,5889.96,39.65,0.00,0.00
122,80,2900.87,58193.29,40771.10,11620.46,5801.73,41.10,0.00,0.00
123,80,2863.12,57182.39,40017.68,11438.48,5726.24,41.10,0.00,0.00
124,80,2960.02,59251.41,41508.29,11823.08,5920.04,40.37,0.00,0.00
125,80,3076.99,61390.86,42980.90,12255.97,6153.99,38.94,0.00,0.00
126,80,3002.88,59907.67,41919.37,11982.53,6005.76,38.94,0.00,0.00
127,80,2942.20,59028.10,41306.87,11836.83,5884.40,41.85,0.00,0.00
128,80,2989.42,59890.47,41900.93,12010.69,5978.85,41.10,0.00,0.00
129,80,2922.09,58227.81,40799.27,11584.36,5844.18,42.61,0.00,0.00
130,80,2928.37,58590.37,40987.16,11746.48,5856.74,44.17,0.00,0.00
131,80,2949.01,59127.15,41393.11,11844.03,5890.02,41.85,0.00,0.00
132,80,3100.07,61878.39,43356.98,12313.28,6208.14,38.94,0.00,0.00
133,80,3072.85,61778.91,43194.84,12438.38,6145.69,38.94,0.00,0.00
134,80,3199.19,63611.69,44534.58,12678.74,6398.37,38.94,0.00,0.00
135,80,3049.77,61010.41,42717.79,12193.08,6099.54,41.85,0.00,0.00
136,80,3090.79,61711.74,43211.02,12325.15,6175.57,41.10,0.00,0.00
137,80,3161.24,63219.79,44235.35,12655.96,6328.48,43.39,0.00,0.00
138,80,3032.24,60710.74,42504.32,12141.95,6064.47,46.63,0.00,0.00
139,80,2909.88,58134.60,40691.32,11623.52,5819.76,43.39,0.00,0.00
140,80,3083.07,62090.46,43456.02,12468.29,6166.14,38.94,0.00,0.00
141,80,3237.02,64592.40,45241.28,12877.08,6474.04,37.56,0.00,0.00
142,80,3327.92,66567.40,46590.88,13320.68,6655.84,36.24,0.00,0.00
143,80,3274.06,65114.11,45583.78,12982.22,6548.11,38.25,0.00,0.00
144,80,3231.88,64802.60,45351.32,12987.52,6463.76,37.56,0.00,0.00
145,80,3210.13,64489.65,45142.86,12926.53,6420.26,38.25,0.00,0.00
146,80,3211.01,64013.23,44839.16,12752.05,6422.02,37.56,0.00,0.00
147,80,3288.91,65602.16,45886.71,13137.63,6577.82,36.24,0.00,0.00
148,80,3292.10,66063.09,46252.46,13233.42,6577.21,37.56,0.00,0.00
149,80,3137.87,62875.39,44022.17,12570.48,6282.74,42.61,0.00,0.00
150,80,3288.13,65577.57,45890.80,13110.51,6576.26,38.25,0.00,0.00
151,80,3314.71,66356.28,46436.00,13290.85,6629.43,37.56,0.00,0.00
152,80,3379.18,67659.69,47359.59,13541.74,6758.37,35.59,0.00,0.00
153,80,3383.93,67348.66,47161.06,13419.73,6767.87,36.24,0.00,0.00
154,80,3479.06,69786.25,48878.87,13949.25,6958.12,34.33,0.00,0.00
155,80,1547.95,31037.00,21702.30,6238.80,3095.90,227.40,0.00,0.00
156,80,3558.67,71141.48,49785.44,14238.70,7117.35,34.33,0.00,0.00
157,80,3577.72,71553.33,50060.03,14337.86,7155.43,34.95,0.00,0.00
158,80,3658.73,73204.62,51284.24,14602.92,7317.46,33.12,0.00,0.00
159,80,3636.46,72748.13,50914.39,14560.82,7272.91,32.53,0.00,0.00
160,80,3653.56,72948.09,51034.76,14606.22,7307.11,33.12,0.00,0.00
161,80,3766.09,75453.74,52874.22,15047.35,7532.17,32.53,0.00,0.00
162,80,3682.08,73487.68,51420.18,14703.34,7364.17,33.12,0.00,0.00
163,80,3719.93,74516.58,52160.01,14916.72,7439.86,31.94,0.00,0.00
164,80,3783.32,75648.34,52962.44,15119.27,7566.63,32.53,0.00,0.00
165,80,1717.23,34378.69,24048.28,6895.94,3434.47,179.94,0.00,0.00
166,80,3692.10,73872.05,51724.44,14763.41,7384.21,33.12,0.00,0.00
167,80,3647.85,72711.09,50904.96,14510.42,7295.71,33.12,0.00,0.00
168,80,3802.22,76315.52,53389.16,15321.91,7604.45,31.37,0.00,0.00
169,80,3535.98,70677.67,49477.77,14127.93,7071.97,36.24,0.00,0.00
170,80,3482.96,69681.22,48806.45,13908.84,6965.92,34.95,0.00,0.00
171,80,3516.28,70151.54,49040.89,14078.10,7032.55,36.89,0.00,0.00
172,80,3855.64,77369.79,54209.96,15448.55,7711.27,30.81,0.00,0.00
173,80,3648.13,72915.54,51030.78,14588.51,7296.25,34.33,0.00,0.00
174,80,3853.90,76696.11,53703.67,15284.62,7707.81,31.37,0.00,0.00
175,80,3795.14,76204.84,53318.99,15295.57,7590.28,32.53,0.00,0.00
176,80,3943.47,78460.47,54874.64,15698.89,7886.94,31.94,0.00,0.00
177,80,3949.27,79295.37,55593.76,15803.07,7898.53,30.26,0.00,0.00
178,80,3976.08,79324.63,55528.14,15844.33,7952.16,29.72,0.00,0.00
179,80,3986.86,79845.13,55874.99,15996.43,7973.71,30.81,0.00,0.00
180,80,4027.60,80792.92,56532.35,16205.38,8055.19,28.67,0.00,0.00
181,80,4009.01,80253.14,56191.10,16044.03,8018.01,29.19,0.00,0.00
182,80,4075.35,81533.95,57054.86,16328.39,8150.69,29.19,0.00,0.00
183,80,3976.73,79382.70,55564.29,15864.94,7953.47,30.26,0.00,0.00
184,80,3978.16,79640.18,55768.23,15915.64,7956.32,30.26,0.00,0.00
185,80,4105.22,82101.39,57483.08,16407.88,8210.44,29.72,0.00,0.00
186,80,4195.72,83846.49,58693.14,16761.90,8391.45,28.16,0.00,0.00
187,80,4251.83,85191.69,59627.68,17060.34,8503.67,27.17,0.00,0.00
188,80,4360.55,86791.95,60722.66,17348.19,8721.10,27.17,0.00,0.00
189,80,4248.60,85269.96,59674.38,17098.39,8497.20,28.16,0.00,0.00
190,80,4435.32,88630.38,62088.47,17671.27,8870.64,26.20,0.00,0.00
191,80,4455.07,89385.46,62545.02,17930.29,8910.15,26.20,0.00,0.00
192,80,4480.16,89342.20,62577.24,17804.64,8960.32,26.20,0.00,0.00
193,80,4487.61,89602.22,62676.56,17950.44,8975.22,26.20,0.00,0.00
194,80,4439.47,88760.40,62120.58,17760.88,8878.94,27.17,0.00,0.00
195,80,4161.67,83342.48,58345.44,16673.70,8323.35,30.81,0.00,0.00
196,80,4314.92,86484.32,60556.82,17297.66,8629.83,28.67,0.00,0.00
197,80,4634.25,92609.98,64840.48,18500.99,9268.50,26.68,0.00,0.00
198,80,4127.96,82652.13,57864.39,16531.83,8255.91,29.72,0.00,0.00
199,80,4215.91,84357.20,59048.74,16876.64,8431.82,29.19,0.00,0.00
200,80,4515.06,90076.24,63026.87,18019.25,9030.12,25.74,0.00,0.00
201,80,4535.10,90507.09,63387.46,18049.42,9070.21,26.68,0.00,0.00
202,80,4485.88,89820.66,62839.36,18009.53,8971.77,28.16,0.00,0.00
203,80,4604.10,92061.91,64485.34,18369.38,9207.19,26.20,0.00,0.00
204,80,4342.31,87146.10,60986.27,17474.21,8685.61,30.26,0.00,0.00
205,80,4754.77,94904.44,66470.81,18924.08,9509.55,24.83,0.00,0.00
206,80,4749.62,95259.32,66639.63,19120.46,9499.23,25.74,0.00,0.00
207,80,4843.36,96864.19,67801.03,19376.44,9686.72,23.95,0.00,0.00
208,80,4685.99,93586.77,65511.84,18702.95,9371.98,25.74,0.00,0.00
209,80,4758.79,95189.84,66642.09,19030.17,9517.58,24.83,0.00,0.00
210,80,1647.07,33088.43,23131.00,6663.29,3294.14,200.47,0.00,0.00
211,80,4777.59,95370.81,66784.27,19031.37,9555.18,24.83,0.00,0.00
212,80,4684.35,93774.91,65619.83,18786.38,9368.69,25.74,0.00,0.00
213,80,4744.67,94885.50,66448.45,18947.70,9489.35,26.20,0.00,0.00
214,80,4814.45,96185.93,67312.25,19244.79,9628.89,25.74,0.00,0.00
215,80,1655.98,33135.65,23180.75,6642.93,3311.96,193.38,0.00,0.00
216,80,4821.90,96288.99,67391.59,19253.60,9643.80,24.38,0.00,0.00
217,80,5002.41,100136.13,70120.69,20010.63,10004.81,23.10,0.00,0.00
218,80,5064.78,101003.52,70683.86,20190.10,10129.56,23.95,0.00,0.00
219,80,5060.98,101635.59,71161.71,20351.92,10121.96,23.10,0.00,0.00
220,80,5124.54,102356.87,71684.61,20423.18,10249.09,23.10,0.00,0.00
221,80,5176.32,103543.43,72472.50,20718.29,10352.64,23.10,0.00,0.00
222,80,5059.06,101259.22,70891.86,20249.24,10118.12,23.10,0.00,0.00
223,80,5003.90,100279.90,70150.53,20121.58,10007.79,23.95,0.00,0.00
224,80,5240.39,104380.88,73116.51,20783.59,10480.78,23.52,0.00,0.00
225,80,1516.46,30303.13,21257.41,6012.81,3032.91,207.82,0.00,0.00
226,80,4882.43,97737.53,68351.99,19620.68,9764.86,25.28,0.00,0.00
227,80,4864.67,97646.51,68329.45,19587.71,9729.35,24.83,0.00,0.00
228,80,4957.82,98890.35,69226.45,19748.27,9915.63,23.95,0.00,0.00
229,80,5213.42,104269.41,72998.89,20843.68,10426.84,23.10,0.00,0.00
230,80,5255.97,105241.32,73660.53,21068.86,10511.93,22.28,0.00,0.00
231,80,5335.01,106394.28,74466.20,21258.06,10670.03,21.50,0.00,0.00
232,80,5289.01,106168.23,74323.16,21267.05,10578.02,22.28,0.00,0.00
233,80,5357.06,107021.25,74934.88,21372.25,10714.13,22.69,0.00,0.00
234,80,5364.86,107340.28,75142.09,21468.46,10729.73,22.28,0.00,0.00
235,80,5459.16,109256.27,76461.29,21876.66,10918.33,21.11,0.00,0.00
236,80,5379.95,107563.93,75304.25,21499.79,10759.89,21.50,0.00,0.00
237,80,5488.69,109736.82,76783.68,21975.76,10977.38,21.11,0.00,0.00
238,80,5448.73,108925.68,76286.28,21741.93,10897.47,21.89,0.00,0.00
239,80,5477.51,109547.18,76665.13,21927.04,10955.02,21.11,0.00,0.00
240,80,5266.15,105412.92,73813.04,21067.59,10532.29,22.69,0.00,0.00
241,80,5598.70,111705.02,78171.81,22335.80,11197.41,20.74,0.00,0.00
242,80,5592.22,112014.39,78419.07,22410.88,11184.44,21.11,0.00,0.00
243,80,5707.68,113896.59,79723.51,22757.72,11415.36,20.74,0.00,0.00
244,80,5723.03,114615.69,80254.48,22915.14,11446.07,20.37,0.00,0.00
245,80,5771.97,115331.42,80732.60,23054.88,11543.94,20.00,0.00,0.00
246,80,5757.35,115422.02,80760.91,23145.41,11515.70,20.37,1.00,0.00
247,80,5806.79,116158.71,81334.00,23211.14,11613.57,20.00,0.00,0.00
248,80,5765.84,115104.86,80562.80,23010.37,11531.69,20.74,0.00,0.00
249,80,5925.73,118666.52,83023.17,23802.90,11840.45,19.65,0.00,0.00
250,80,5712.32,114346.34,80050.44,22860.27,11435.63,20.74,0.00,0.00
251,80,5850.02,116882.36,81825.25,23357.07,11700.04,19.65,0.00,0.00
252,80,6085.19,121323.77,84875.64,24279.75,12168.38,19.65,0.00,0.00
253,80,5744.88,115219.52,80726.26,23001.50,11491.75,20.74,0.00,0.00
254,80,5563.50,111372.99,77966.99,22279.00,11127.00,21.11,0.00,0.00
255,80,5865.86,117052.19,81932.03,23388.43,11731.72,20.37,0.00,0.00
256,80,5881.78,117846.64,82503.95,23579.13,11763.56,20.00,0.00,0.00
257,80,6017.01,120238.10,84159.07,24045.02,12034.01,20.00,0.00,0.00
258,80,6010.30,120461.92,84318.14,24123.19,12020.59,20.74,0.00,0.00
259,80,5857.76,117140.15,82008.60,23416.03,11715.51,20.74,0.00,0.00
260,80,6214.80,124283.06,86992.24,24861.21,12429.61,19.65,0.00,0.00
261,80,6148.80,123004.00,86096.20,24610.20,12297.60,19.29,0.00,0.00
262,80,6119.35,122196.93,85556.85,24401.38,12238.69,19.65,0.00,0.00
263,80,6260.85,125002.89,87440.81,25043.38,12518.69,19.29,0.00,0.00
264,80,5992.72,120095.39,84126.07,23980.88,11988.44,20.00,0.00,0.00
265,80,6018.38,120354.69,84226.38,24091.54,12036.77,19.65,0.00,0.00
266,80,6093.47,121675.44,85190.60,24297.89,12186.94,19.29,0.00,0.00
267,80,6363.48,127152.65,89005.76,25419.93,12726.97,18.61,0.00,0.00
268,80,6275.06,125612.27,87923.89,25138.26,12550.13,18.61,0.00,0.00
269,80,6442.09,129251.90,90472.33,25895.38,12884.19,18.61,0.00,0.00
270,80,6438.95,128823.94,90150.25,25795.79,12877.89,17.95,0.00,0.00
271,80,6558.87,130697.38,91532.17,26047.48,13117.74,17.95,0.00,0.00
272,80,6562.04,131389.86,91936.60,26329.17,13124.09,17.95,0.00,0.00
273,80,6752.97,135212.30,94703.51,27002.86,13505.93,17.63,0.00,0.00
274,80,6544.08,130952.52,91630.07,26234.31,13088.15,17.95,0.00,0.00
275,80,1512.48,29955.52,21037.69,5892.87,3024.96,277.21,0.00,0.00
276,80,4109.31,82487.15,57678.33,16590.19,8218.63,78.60,0.00,0.00
277,80,6680.54,133311.69,93326.48,26624.13,13361.07,17.63,0.00,0.00
278,80,6499.19,130282.85,91183.69,26100.77,12998.38,18.28,0.00,0.00
279,80,6251.18,125004.57,87495.50,25006.71,12502.36,19.29,0.00,0.00
280,80,6369.95,127380.97,89165.28,25479.79,12735.90,18.61,0.00,0.00
281,80,6559.10,131005.99,91728.40,26155.40,13122.20,18.28,0.00,0.00
282,80,6565.34,131147.90,91793.83,26223.38,13130.69,17.95,0.00,0.00
283,80,6658.06,133434.20,93406.84,26711.24,13316.12,18.28,0.00,0.00
284,80,6739.66,134937.19,94444.23,27013.64,13479.32,17.32,0.00,0.00
285,80,1954.52,38783.34,27239.26,7635.03,3909.04,132.49,0.00,0.00
286,80,5882.62,117937.22,82467.62,23703.36,11766.24,19.29,1.00,0.00
287,80,6665.03,133304.51,93342.37,26631.09,13331.05,18.61,1.00,0.00
288,80,6682.83,133619.65,93502.66,26751.33,13365.67,17.63,0.00,0.00
289,80,6860.90,137258.93,96106.55,27430.59,13721.79,17.32,0.00,0.00
290,80,6633.53,131932.70,92291.50,26374.14,13267.07,18.28,0.00,0.00
291,80,6749.82,135757.19,95054.33,27203.23,13499.63,17.32,0.00,0.00
292,80,7070.21,141092.10,98782.87,28168.80,14140.42,17.32,0.00,0.00
293,80,6947.33,139267.57,97480.60,27892.31,13894.66,17.01,0.00,0.00
294,80,7201.02,144095.39,100856.27,28837.08,14402.04,16.71,0.00,0.00
295,80,7299.58,145782.49,102048.04,29135.30,14599.15,16.12,0.00,0.00
296,80,7269.74,145507.70,101862.29,29105.94,14539.47,15.83,0.00,0.00
297,80,7439.86,148552.19,103970.03,29702.44,14879.72,15.83,0.00,0.00
298,80,7331.19,146885.74,102837.62,29385.75,14662.37,15.83,0.00,0.00
299,80,7313.65,146303.07,102424.15,29251.62,14627.31,16.12,0.00,0.00
300,80,7295.45,145912.09,102127.36,29193.82,14590.91,16.12,0.00,0.00
301,80,7370.12,147158.35,103022.64,29395.47,14740.24,16.41,0.00,0.00
302,80,7268.79,145610.87,101923.11,29150.17,14537.59,16.12,0.00,0.00
303,80,6946.06,138506.11,96962.78,27651.22,13892.11,17.95,0.00,0.00
304,80,7252.07,145384.41,101780.99,29099.28,14504.14,16.71,0.00,0.00
305,80,7246.01,144807.12,101354.08,28961.02,14492.01,16.12,0.00,0.00
306,80,7465.71,149161.30,104411.01,29818.86,14931.43,15.83,0.00,0.00
307,80,7342.03,147033.67,102882.47,29467.13,14684.07,16.41,0.00,0.00
308,80,7675.72,153302.39,107337.08,30613.88,15351.44,15.00,0.00,0.00
309,80,7764.97,155251.48,108628.63,31092.89,15529.95,15.00,0.00,0.00
310,80,7562.40,151516.94,106099.56,30292.59,15124.79,15.83,0.00,0.00
311,80,7637.23,152601.70,106850.29,30476.94,15274.47,15.27,0.00,0.00
312,80,7642.59,153200.75,107208.23,30707.36,15285.17,15.00,0.00,0.00
313,80,7500.00,149948.04,104980.03,29968.01,15000.00,15.55,0.00,0.00
314,80,7718.98,154358.53,108048.67,30870.91,15438.95,15.55,1.00,0.00
315,80,7899.10,158061.00,110625.40,31637.40,15798.20,15.27,0.00,0.00
316,80,7967.06,159145.23,111432.86,31778.25,15934.12,14.46,0.00,0.00
317,80,7950.14,158844.90,111211.03,31733.58,15900.29,14.46,0.00,0.00
318,80,8060.83,161516.60,113036.62,32358.32,16121.66,14.46,0.00,0.00
319,80,8133.85,162474.02,113729.91,32476.40,16267.70,14.21,0.00,0.00
320,80,8089.15,161686.09,113158.16,32349.62,16178.31,14.73,0.00,0.00
321,80,8172.01,163418.29,114470.20,32604.06,16344.03,14.46,0.00,0.00
322,80,7932.81,159012.22,111227.36,31919.24,15865.62,15.00,0.00,0.00
323,80,7906.21,158109.27,110684.99,31611.85,15812.43,14.73,0.00,0.00
324,80,8450.99,169029.84,118318.89,33808.97,16901.98,13.70,0.00,0.00
325,80,7483.68,149120.56,104462.49,29690.72,14967.35,16.71,0.00,0.00
326,80,8176.22,163940.40,114717.08,32870.88,16352.44,15.00,0.00,0.00
327,80,8210.78,164148.62,114893.93,32833.12,16421.56,14.46,0.00,0.00
328,80,8291.22,165872.40,116084.08,33205.88,16582.44,14.21,0.00,0.00
329,80,8567.39,170800.71,119611.40,34054.54,17134.77,13.70,0.00,0.00
330,80,1898.63,38413.67,26949.89,7666.53,3797.25,161.51,0.00,0.00
331,80,6217.98,124639.45,87143.65,25059.85,12435.95,15.00,0.00,0.00
332,80,8451.71,168266.58,117795.20,33567.96,16903.42,14.21,0.00,0.00
333,80,8338.30,167478.41,117238.49,33563.32,16676.60,13.95,0.00,0.00
334,80,8526.57,170571.33,119396.93,34121.27,17053.13,13.46,0.00,0.00
335,80,1818.33,36078.59,25341.63,7100.30,3636.66,170.48,0.00,0.00
336,80,6143.61,122776.18,85884.54,24604.43,12287.22,15.83,0.00,0.00
337,80,8408.56,168393.15,117852.81,33723.23,16817.11,14.73,0.00,0.00
338,80,8438.03,168530.54,117956.37,33698.11,16876.05,13.70,0.00,0.00
339,80,8772.06,175259.14,122714.79,35000.23,17544.11,13.46,0.00,0.00
340,80,8778.09,176084.80,123240.26,35288.35,17556.19,13.22,0.00,0.00
341,80,8728.23,174213.60,122014.23,34742.91,17456.46,13.22,0.00,0.00
342,80,8882.08,178034.66,124564.16,35706.33,17764.17,12.98,0.00,0.00
343,80,8841.43,176620.49,123611.94,35325.70,17682.85,12.98,0.00,0.00
344,80,9035.49,180790.79,126587.85,36131.96,18070.98,12.98,0.00,0.00
345,80,1958.56,39087.14,27441.82,7728.20,3917.12,176.73,0.00,0.00
346,80,5353.76,107071.13,74893.61,21470.01,10707.51,15.55,0.00,0.00
347,80,8690.90,173994.06,121753.64,34858.61,17381.81,13.70,0.00,0.00
348,80,8798.23,175831.53,123092.17,35142.91,17596.45,13.46,0.00,0.00
349,80,8423.03,168373.70,117886.49,33641.14,16846.07,13.95,0.00,0.00
350,80,8726.13,173790.55,121554.77,34785.51,17450.26,12.98,0.00,0.00
351,80,9178.62,184582.49,129254.75,36968.50,18359.24,12.52,0.00,0.00
352,80,9209.42,183791.48,128672.93,36699.70,18418.85,12.98,0.00,0.00
353,80,9158.12,183407.48,128391.74,36699.50,18316.25,13.22,0.00,0.00
354,80,9342.81,186631.17,130679.32,37266.24,18685.62,12.08,0.00,0.00
355,80,9338.89,186671.86,130573.51,37420.56,18677.78,12.30,0.00,0.00
356,80,9367.29,187683.77,131439.04,37510.15,18734.58,12.52,0.00,0.00
357,80,9348.59,186732.81,130679.26,37356.36,18697.18,12.98,0.00,0.00
358,80,8936.29,179082.78,125373.05,35837.16,17872.58,13.70,0.00,0.00
359,80,9256.00,185074.97,129567.98,36995.00,18512.00,12.52,0.00,0.00
360,80,9625.95,192031.93,134422.25,38357.79,19251.89,12.30,0.00,0.00
361,80,9697.56,193616.10,135501.77,38720.22,19394.11,11.87,0.00,0.00
362,80,9556.06,191897.25,134361.87,38422.25,19113.12,12.08,0.00,0.00
363,80,9746.19,194838.91,136420.73,38925.78,19492.39,11.87,0.00,0.00
364,80,9643.88,193052.70,135082.38,38682.55,19287.77,11.87,0.00,0.00
365,80,9675.32,193489.38,135436.46,38702.28,19350.64,11.87,0.00,0.00
366,80,9685.01,193683.27,135584.19,38729.05,19370.03,12.30,0.00,0.00
367,80,9778.98,195438.55,136819.68,39060.91,19557.95,12.52,0.00,0.00
368,80,9440.90,188967.85,132281.50,37804.57,18881.79,13.22,0.00,0.00
369,80,9153.07,183107.33,128157.92,36643.27,18306.13,12.98,0.00,0.00
370,80,9775.13,195002.73,136484.91,38969.55,19548.26,12.08,0.00,0.00
371,80,9646.02,193312.43,135356.31,38662.09,19294.04,12.30,0.00,0.00
372,80,9942.87,198655.49,139101.25,39668.50,19885.75,11.87,0.00,0.00
373,80,9837.46,196970.23,137805.46,39489.85,19674.92,11.87,0.00,0.00
374,80,10241.03,204802.54,143392.37,40928.11,20482.05,11.45,0.00,0.00
375,80,10278.73,205473.53,143817.17,41099.91,20556.45,11.24,0.00,0.00
376,80,10084.24,200806.92,140493.45,40143.98,20169.48,11.45,0.00,0.00
377,80,9957.01,199013.17,139287.12,39812.03,19914.02,11.87,0.00,0.00
378,80,9872.11,198380.21,139007.55,39628.44,19744.22,11.87,0.00,0.00
379,80,10343.26,207181.21,144955.65,41539.04,20686.52,11.24,0.00,0.00
380,80,10670.05,212916.05,149122.73,42453.21,21340.11,10.84,0.00,0.00
381,80,10556.52,211567.47,148040.32,42414.10,21113.04,11.24,0.00,0.00
382,80,10726.21,214377.18,150048.92,42875.84,21452.42,10.46,0.00,0.00
383,80,10245.89,204196.98,142894.59,40810.60,20491.79,11.45,0.00,0.00
384,80,10044.24,201196.73,140976.31,40131.94,20088.47,11.65,0.00,0.00
385,80,9911.24,198837.89,139080.41,39935.00,19822.48,12.08,0.00,0.00
386,80,10102.92,201671.37,141247.85,40217.69,20205.83,11.65,0.00,0.00
387,80,9757.92,195358.36,136710.85,39131.68,19515.83,12.52,0.00,0.00
388,80,9689.89,193658.73,135554.41,38724.55,19379.77,12.30,0.00,0.00
389,80,10224.30,204632.92,143262.14,40922.18,20448.59,11.45,0.00,0.00
390,80,10070.88,201225.70,140910.39,40173.55,20141.77,11.87,0.00,0.00
391,80,9811.64,196532.78,137495.94,39413.56,19623.28,12.08,0.00,0.00
392,80,10487.64,209806.88,146848.01,41983.58,20975.29,10.65,0.00,0.00
393,80,10549.67,210586.44,147464.40,42022.70,21099.34,11.24,0.00,0.00
394,80,10440.70,209156.94,146383.76,41891.79,20881.39,11.24,0.00,0.00
395,80,1714.64,34065.62,23926.87,6709.49,3429.27,215.44,0.00,0.00
396,80,3500.89,70231.83,49063.51,14166.53,7001.79,158.63,0.00,0.00
397,80,10430.44,208539.72,145992.10,41686.75,20860.87,11.65,0.00,0.00
398,80,10326.50,206511.03,144569.02,41289.00,20653.00,11.45,0.00,0.00
399,80,10474.08,208824.68,146099.19,41777.33,20948.16,11.24,0.00,0.00
400,80,10667.72,213991.43,149897.11,42759.88,21334.44,10.84,0.00,0.00
401,80,10662.60,213298.94,149269.36,42703.39,21326.19,10.65,0.00,0.00
402,80,10820.66,216149.25,151293.28,43214.65,21641.32,10.84,0.00,0.00
403,80,10619.16,212745.33,148907.33,42599.67,21238.33,11.45,0.00,0.00
404,80,10843.97,216934.41,151851.59,43394.88,21687.94,10.46,0.00,0.00
405,80,2081.06,41375.17,29091.82,8121.23,4162.12,196.89,0.00,0.00
406,80,6269.13,125578.57,87795.80,25244.52,12538.26,14.46,0.00,0.00
407,80,10662.13,213267.55,149274.79,42668.51,21324.26,11.04,0.00,0.00
408,80,10127.85,202522.90,141763.83,40503.38,20255.69,11.65,0.00,0.00
409,80,11327.46,225902.46,158196.60,45050.94,22654.92,10.27,0.00,0.00
410,80,11359.37,227652.63,159305.33,45628.56,22718.75,9.91,0.00,0.00
411,80,11227.35,224671.90,157284.83,44932.38,22454.69,10.46,0.00,0.00
412,80,10524.50,210592.93,147387.95,42155.98,21049.00,11.87,0.00,0.00
413,80,10579.60,211613.96,148119.37,42335.40,21159.20,11.65,0.00,0.00
414,80,10684.34,212977.72,149186.71,42422.34,21368.67,11.24,0.00,0.00
415,80,10536.49,211165.90,147755.92,42335.99,21073.98,11.65,1.00,0.00
416,80,10832.12,216485.40,151492.68,43328.48,21664.24,10.84,0.00,0.00
417,80,10691.95,214248.96,149995.27,42869.79,21383.90,10.84,0.00,0.00
418,80,11472.66,228581.24,159997.27,45638.65,22945.32,9.73,0.00,0.00
419,80,11742.49,235510.87,164945.91,47079.97,23484.98,9.73,0.00,0.00
420,80,12002.62,239805.45,167850.72,47949.49,24005.24,9.22,0.00,0.00
421,80,12229.90,245082.14,171482.68,49139.66,24459.80,9.06,0.00,0.00
422,80,12342.61,246366.32,172499.62,49181.48,24685.22,9.06,0.00,0.00
423,80,12018.72,240808.43,168550.10,48220.90,24037.43,9.39,0.00,0.00
424,80,12137.03,242040.58,169460.40,48306.12,24274.05,8.90,0.00,0.00
425,80,11425.48,229012.74,160309.82,45851.95,22850.97,10.09,0.00,0.00
426,80,11607.24,231997.75,162427.32,46355.96,23214.47,9.91,0.00,0.00
427,80,12218.75,244570.07,171175.54,48957.02,24437.51,9.06,0.00,0.00
428,80,12152.75,243204.95,170188.46,48710.99,24305.50,9.73,0.00,0.00
429,80,12574.06,251123.22,175903.84,50071.27,25148.12,8.90,0.00,0.00
430,80,7761.81,155404.19,108826.35,31054.23,15523.61,25.28,0.00,0.00
431,80,4595.73,91941.58,64354.21,18394.92,9192.46,38.25,1.00,0.00
432,80,5152.12,103000.44,72128.71,20567.49,10304.24,32.53,0.00,0.00
433,80,4897.96,97969.21,68586.45,19585.84,9796.92,33.72,1.00,0.00
434,80,5199.89,104125.89,72798.53,20927.58,10399.79,33.12,0.00,0.00
435,80,5233.85,104173.05,72910.93,20794.41,10467.70,34.95,0.00,0.00
436,80,4676.21,93889.29,65830.00,18706.85,9352.43,36.89,0.00,0.00
437,80,4889.99,97824.89,68459.92,19584.98,9779.99,34.33,0.00,0.00
438,80,4753.01,95056.27,66542.19,19008.05,9506.03,36.89,0.00,0.00
439,80,4762.90,95139.03,66598.62,19014.61,9525.80,34.95,0.00,0.00
440,80,4690.63,94110.54,65750.79,18978.49,9381.26,35.59,0.00,0.00
441,80,4815.48,96100.53,67416.69,19052.89,9630.96,38.25,0.00,0.00
442,80,4718.80,94369.99,66063.20,18869.20,9437.60,34.33,0.00,0.00
443,80,4757.99,95159.87,66611.91,19031.97,9515.99,34.33,0.00,0.00
444,80,5422.60,108420.96,75885.37,21689.39,10846.20,36.89,1.00,0.00
445,80,4673.04,93505.75,65467.53,18692.15,9346.08,41.85,0.00,0.00
446,80,5045.18,100925.63,70646.54,20187.73,10091.36,36.24,1.00,0.00
447,80,5201.39,104020.75,72818.43,20799.55,10402.78,34.33,0.00,0.00
448,80,5395.06,107952.25,75530.88,21631.24,10790.13,29.72,0.00,0.00
449,80,5683.40,113556.94,79339.55,22849.60,11367.79,29.72,1.00,0.00
450,80,3483.33,69775.56,49009.61,13799.30,6966.65,36.89,0.00,0.00
451,80,5247.89,105238.78,73470.45,21272.55,10495.78,34.33,0.00,0.00
452,80,5246.78,104632.63,73246.94,20897.13,10488.56,38.94,0.00,0.00
453,80,5505.55,110113.04,77285.71,21811.23,11016.10,32.53,0.00,0.00
454,80,5788.63,115802.62,81054.84,23169.53,11578.26,27.17,1.00,0.00
455,80,1073.33,21540.68,15026.66,4367.35,2146.67,223.34,0.00,0.00
456,80,2687.90,52886.37,36846.93,10663.64,5375.80,31.94,0.00,0.00
457,80,6036.77,121520.54,85298.91,24148.09,12073.54,27.66,0.00,0.00
458,80,5710.79,114201.86,79933.10,22847.17,11421.59,29.72,0.00,0.00
459,80,5043.07,100862.42,70617.00,20159.28,10086.14,36.24,0.00,0.00
460,80,5135.67,102395.54,71572.51,20552.69,10270.35,33.12,0.00,0.00
461,80,5409.28,108648.70,76052.99,21776.14,10819.57,29.19,0.00,0.00
462,80,5335.94,106470.84,74601.20,21197.75,10671.89,37.56,0.00,0.00
463,80,6047.97,121130.44,84781.61,24252.89,12095.94,26.68,0.00,0.00
464,80,5490.12,109769.47,76875.73,21912.49,10981.25,35.59,1.00,0.00
465,80,1000.33,20050.71,14004.69,4045.35,2000.67,58.92,0.00,0.00
466,80,2368.37,47274.39,33119.16,9418.49,4736.74,376.49,0.00,0.00
467,80,5299.88,105957.55,74092.29,21265.51,10599.75,32.53,0.00,0.00
468,80,6062.02,121373.37,85012.26,24237.07,12124.04,29.72,0.00,0.00
469,80,6155.90,123060.07,86182.65,24565.61,12311.81,27.17,0.00,0.00
470,80,5927.51,118584.26,82985.18,23744.05,11855.03,27.17,0.00,0.00
471,80,5684.55,113637.01,79566.71,22701.20,11369.10,27.17,0.00,0.00
472,80,5918.83,118411.59,82880.62,23693.32,11837.66,29.19,0.00,0.00
473,80,5762.53,115403.54,80662.39,23216.10,11525.06,27.66,0.00,0.00
474,80,5943.68,118227.69,82623.59,23729.73,11874.37,30.81,0.00,0.00
475,80,6343.17,126501.39,88559.37,25242.68,12699.34,26.68,0.00,0.00
476,80,5966.99,119792.72,83876.80,23981.94,11933.97,30.26,0.00,0.00
477,80,6330.58,127013.61,89135.15,25217.31,12661.16,27.17,0.00,0.00
478,80,5874.60,117473.94,82244.35,23480.39,11749.19,30.26,0.00,0.00
479,80,5882.71,117660.30,82358.01,23536.86,11765.43,27.17,0.00,0.00
480,80,6292.28,125636.74,87832.06,25229.10,12575.57,31.94,0.00,0.00
481,80,6311.37,126439.38,88612.21,25195.44,12631.73,27.17,0.00,0.00
482,80,6006.37,120418.37,84096.21,24309.41,12012.74,28.67,0.00,0.00
483,80,5979.72,119335.41,83716.14,23659.82,11959.45,27.66,0.00,0.00
484,80,6287.56,125831.13,87922.80,25333.21,12575.11,25.74,0.00,0.00
485,80,6091.25,121713.06,85380.55,24150.00,12182.51,29.19,0.00,0.00
486,80,5990.23,119875.60,83806.22,24088.93,11980.46,27.66,0.00,0.00
487,80,6400.32,127925.47,89660.52,25464.31,12800.65,25.28,0.00,0.00
488,80,6139.66,122852.15,85950.20,24622.64,12279.31,26.68,0.00,0.00
489,80,6277.12,125474.37,87875.66,25044.47,12554.24,28.67,0.00,0.00
490,80,6125.66,122568.20,85769.24,24547.64,12251.32,29.72,0.00,0.00
491,80,6364.48,126657.58,88432.72,25496.90,12727.95,26.20,0.00,0.00
492,80,5999.53,120478.60,84386.42,24092.12,12000.06,26.68,0.00,0.00
493,80,6299.05,125769.07,88075.75,25095.21,12598.11,28.67,0.00,0.00
494,80,6301.71,126364.13,88625.89,25133.83,12604.41,26.68,1.00,0.00
495,80,6098.33,121972.69,85376.68,24399.34,12196.67,27.66,0.00,0.00
496,80,6861.11,137194.21,96034.55,27437.44,13722.22,23.95,0.00,0.00
497,80,6441.61,129069.25,90217.56,25967.46,12884.22,28.67,1.00,0.00
498,80,6376.78,127643.55,89274.88,25615.11,12753.55,30.26,0.00,0.00
499,80,6316.79,125689.09,88063.24,24993.27,12632.59,24.83,0.00,0.00
500,80,6500.76,130412.35,91382.78,26027.05,13002.52,24.38,0.00,0.00
501,80,6861.88,137268.67,95982.37,27562.53,13723.77,24.83,0.00,0.00
502,80,6533.27,130553.34,91523.74,25963.06,13066.53,26.68,0.00,0.00
503,80,6669.06,133459.23,93391.86,26729.25,13338.12,25.74,0.00,0.00
504,80,6710.10,134303.01,93918.42,26964.39,13420.20,26.68,0.00,0.00
505,80,6329.33,126431.65,88634.66,25138.32,12658.67,28.16,0.00,0.00
506,80,6977.57,139566.49,97686.04,27925.30,13955.15,22.28,0.00,0.00
507,80,6738.49,134809.76,94338.84,26993.95,13476.98,23.95,0.00,0.00
508,80,6751.42,135168.32,94498.81,27166.67,13502.83,27.17,0.00,0.00
509,80,6955.04,138066.00,96543.72,27613.20,13909.09,26.20,0.00,0.00
510,80,7340.26,147613.15,103423.61,29507.03,14682.51,20.74,1.00,0.00
511,80,6708.29,134214.86,94118.11,26680.17,13416.59,26.68,0.00,0.00
512,80,4248.84,84696.78,59193.75,17005.35,8497.68,24.83,0.00,0.00
513,80,7613.79,152453.84,106582.09,30644.16,15227.58,22.69,0.00,0.00
514,80,7918.18,158412.62,110985.54,31590.72,15836.36,22.28,0.00,0.00
515,80,1384.10,27815.99,19525.40,5522.40,2768.20,390.30,0.00,0.00
516,80,2112.03,42218.70,29590.49,8404.14,4224.07,186.54,0.00,0.00
517,80,4847.37,96558.43,67472.21,19391.47,9694.74,51.94,0.00,0.00
518,80,6688.63,134298.59,93966.81,26954.53,13377.25,29.72,0.00,0.00
519,80,7172.27,143250.33,100476.74,28429.06,14344.53,23.10,0.00,0.00
520,80,7309.41,146049.22,102162.76,29267.64,14618.82,23.95,0.00,0.00
521,80,6979.76,139748.32,97885.73,27903.06,13959.53,23.52,0.00,0.00
522,80,6962.66,139277.16,97477.21,27874.63,13925.32,29.19,0.00,0.00
523,80,4206.01,83715.23,58396.16,16907.05,8412.02,61.08,0.00,0.00
524,80,6097.11,122395.13,85847.49,24353.42,12194.21,28.16,0.00,0.00
525,80,1588.47,31725.31,22189.51,6358.87,3176.93,204.11,0.00,0.00
526,80,3637.01,72931.06,50960.09,14696.95,7274.02,147.61,0.00,0.00
527,80,6943.93,138658.50,97220.00,27550.65,13887.86,28.16,0.00,0.00
528,80,6112.58,122281.64,85592.15,24463.33,12226.16,26.20,1.00,0.00
529,80,5354.44,107206.74,74935.17,21562.69,10708.88,26.20,0.00,0.00
530,80,7972.77,158915.27,111244.69,31725.05,15945.53,28.16,0.00,0.00
531,80,8585.03,172182.58,120588.41,34424.11,17170.05,20.74,0.00,0.00
532,80,6915.47,138277.41,96819.59,27626.88,13830.94,28.16,0.00,0.00
533,80,7497.03,150196.68,104972.47,30229.14,14995.07,23.95,1.00,0.00
534,80,7290.20,145728.93,102048.75,29100.78,14579.39,23.10,0.00,0.00
535,80,7596.64,151761.72,106366.90,30200.55,15194.27,23.10,0.00,0.00
536,80,7229.32,144478.48,101007.57,29024.27,14446.65,23.52,0.00,0.00
537,80,6901.03,138073.70,96814.54,27445.09,13814.07,27.17,0.00,0.00
538,80,7278.72,145881.34,101901.04,29422.86,14557.43,23.52,0.00,0.00
539,80,7135.77,142411.35,99904.74,28235.08,14271.53,26.20,0.00,0.00
540,80,6982.49,139319.76,97409.84,27944.95,13964.97,24.38,0.00,0.00
541,80,7137.21,143073.25,100265.96,28532.86,14274.43,26.20,0.00,0.00
542,80,7540.82,150571.37,105326.45,30163.28,15081.64,22.69,0.00,0.00
543,80,7814.19,156590.88,109643.72,31318.78,15628.38,23.95,0.00,0.00
544,80,7342.62,147069.46,102786.73,29597.48,14685.25,22.28,0.00,0.00
545,80,7081.32,141328.41,99128.50,28037.27,14162.64,26.68,0.00,0.00
546,80,7407.21,148423.16,103697.93,29910.81,14814.42,26.20,0.00,0.00
547,80,7917.09,157813.89,110419.32,31559.38,15835.19,21.50,1.00,0.00
548,80,7034.02,141117.46,98886.32,28163.09,14068.05,23.10,0.00,0.00
549,80,7453.05,148933.01,104403.67,29622.24,14907.10,23.52,1.00,0.00
550,80,7621.44,152501.81,106714.15,30543.78,15243.88,22.28,1.00,0.00
551,80,7446.16,148875.13,104246.19,29736.63,14892.31,25.28,0.00,0.00
552,80,7648.04,152944.86,107072.60,30576.17,15296.09,22.69,0.00,0.00
553,80,7598.83,151995.59,106362.61,30435.32,15197.66,22.28,0.00,0.00
554,80,7519.28,150353.54,105273.88,30041.11,15038.55,23.10,0.00,0.00
555,80,7482.88,149665.68,104764.37,29935.54,14965.77,23.95,0.00,0.00
556,80,7613.56,152218.27,106541.89,30449.25,15227.13,22.69,0.00,0.00
557,80,7458.42,149097.37,104349.86,29830.67,14916.84,26.20,0.00,0.00
558,80,7377.73,147711.47,103417.13,29538.90,14755.45,19.29,0.00,0.00
559,80,7467.50,149332.05,104545.04,29852.01,14935.01,22.28,0.00,0.00
560,80,7489.44,149888.81,104774.16,30135.77,14978.88,21.89,0.00,0.00
561,80,5212.14,104141.75,73047.99,20669.48,10424.28,25.74,0.00,0.00
562,80,6695.33,134094.61,93748.68,26954.27,13391.67,21.11,1.00,0.00
563,80,8204.97,163938.44,114656.62,32870.88,16410.94,22.28,1.00,0.00
564,80,8138.38,162764.55,114164.32,32323.47,16276.76,20.37,0.00,0.00
565,80,8069.74,161534.75,112990.33,32403.95,16140.48,23.52,1.00,0.00
566,80,8392.56,167721.12,117472.77,33463.24,16785.11,21.50,0.00,0.00
567,80,8131.74,162642.80,113867.37,32511.96,16263.48,21.89,0.00,0.00
568,80,7421.08,148485.62,103895.14,29748.33,14842.16,23.95,0.00,0.00
569,80,7800.62,156245.31,109202.65,31441.43,15601.24,26.20,0.00,0.00
570,80,7973.10,159451.07,111613.45,31891.41,15946.21,21.89,0.00,0.00
571,80,8090.79,161533.78,113283.04,32069.16,16181.58,21.89,0.00,0.00
572,80,7794.38,155759.60,108922.30,31247.54,15589.76,21.89,1.00,0.00
573,80,7762.18,155390.69,108887.59,30978.74,15524.37,21.89,0.00,0.00
574,80,7867.37,157572.33,110143.14,31694.45,15734.73,21.11,0.00,0.00
575,80,1711.52,34077.27,23956.22,6697.02,3424.03,211.60,1.00,0.00
576,80,3124.22,62680.40,43758.11,12673.85,6248.45,134.90,0.00,0.00
577,80,8200.75,163781.98,114810.48,32570.00,16401.50,21.89,0.00,0.00
578,80,8245.90,165111.98,115409.59,33210.59,16491.80,21.11,0.00,0.00
579,80,7786.60,155577.01,109045.36,30958.45,15573.20,22.69,0.00,0.00
580,80,8387.04,167686.87,117300.58,33612.20,16774.09,20.00,0.00,0.00
581,80,7648.02,152955.37,107188.26,30471.07,15296.04,23.10,0.00,0.00
582,80,8208.01,164249.27,114888.19,32945.05,16416.03,21.50,0.00,0.00
583,80,7908.54,157639.87,110305.62,31519.18,15815.08,21.50,0.00,0.00
584,80,7838.20,156553.03,109528.82,31345.81,15678.40,20.74,0.00,0.00
585,80,1966.03,40026.98,28125.74,7969.18,3932.06,204.11,0.00,0.00
586,80,3389.28,67816.53,47326.95,13720.03,6769.56,147.61,1.00,0.00
587,80,8398.52,168038.45,117761.32,33470.08,16807.05,20.37,0.00,0.00
588,80,8477.78,169443.56,118688.89,33799.11,16955.56,21.50,0.00,0.00
589,80,8129.68,162296.60,113379.53,32658.71,16258.36,21.50,0.00,0.00
590,80,7095.56,142244.13,99787.81,28263.21,14193.11,23.52,1.00,0.00
591,80,9189.88,183716.67,128624.37,36712.54,18379.77,20.74,0.00,0.00
592,80,8192.31,163943.28,114740.39,32817.26,16385.63,22.28,1.00,0.00
593,80,7907.09,158156.79,110698.26,31644.36,15814.18,22.28,0.00,0.00
594,80,7900.93,157326.72,109975.13,31549.73,15801.86,22.69,0.00,0.00
595,80,7668.21,154015.17,107993.92,30684.83,15336.42,20.74,0.00,0.00
596,80,7929.56,158834.22,110980.87,31994.23,15859.12,22.69,0.00,0.00
597,80,7979.20,159429.00,111621.80,31847.80,15959.40,21.50,1.00,0.00
598,80,8308.50,166039.91,116345.96,33076.96,16616.99,21.50,0.00,0.00
599,80,7577.80,151595.92,106196.13,30244.20,15155.59,22.69,0.00,0.00
600,80,8617.98,172639.60,120651.67,34751.97,17235.95,21.50,0.00,0.00
601,80,8657.31,172803.22,121039.35,34449.25,17314.62,18.61,0.00,0.00
602,80,8811.86,176333.26,123541.10,35167.44,17624.73,20.74,1.00,0.00
603,80,8480.49,169062.88,118190.94,33910.96,16960.98,18.95,0.00,0.00
604,80,8042.39,161372.75,113131.43,32156.54,16084.77,20.37,0.00,0.00
605,80,8181.04,163620.82,114534.57,32724.16,16362.08,21.89,0.00,0.00
606,80,8799.79,176224.70,123154.02,35471.11,17599.57,17.95,0.00,0.00
607,80,8413.55,168257.05,117832.74,33597.21,16827.10,21.11,0.00,0.00
608,80,8494.70,169680.96,118925.79,33765.78,16989.40,20.00,0.00,0.00
609,80,4432.58,88627.62,61965.14,17797.32,8865.16,27.17,0.00,0.00
610,80,9670.84,193713.70,135482.69,38889.34,19341.67,20.00,0.00,0.00
611,80,8718.01,173859.19,121761.13,34662.04,17436.02,22.28,0.00,0.00
612,80,9622.64,192670.82,134996.00,38429.55,19245.28,17.63,0.00,0.00
613,80,8183.85,163685.07,114585.95,32731.41,16367.71,20.74,0.00,0.00
614,80,8529.75,170225.09,119039.57,34126.02,17059.51,21.50,0.00,0.00
615,80,8513.96,170595.31,119513.53,34052.86,17028.93,20.37,1.00,0.00
616,80,8766.26,175396.29,122800.70,35063.06,17532.53,21.50,0.00,0.00
617,80,8426.46,168586.17,117902.43,33830.83,16852.92,20.37,0.00,0.00
618,80,8948.92,178867.49,125294.93,35674.71,17897.85,18.61,0.00,0.00
619,80,8767.06,175081.31,122425.93,35121.25,17534.13,20.74,0.00,0.00
620,80,8180.42,164047.36,114864.85,32821.67,16360.83,22.69,0.00,0.00
621,80,9065.69,180901.78,126606.65,36163.76,18131.37,21.11,0.00,0.00
622,80,7612.73,151983.63,106357.24,30400.93,15225.47,25.74,0.00,0.00
623,80,9203.79,184508.87,129245.13,36858.17,18405.58,17.63,0.00,0.00
624,80,8794.20,175423.09,122698.88,35133.81,17590.40,21.89,0.00,0.00
625,80,5747.80,115555.18,81063.38,22996.20,11495.60,21.50,0.00,0.00
626,80,8713.38,174342.47,121893.31,35024.41,17424.75,17.32,0.00,0.00
627,80,10185.42,203747.41,142689.91,40684.66,20372.84,16.41,0.00,0.00
628,80,9533.28,190146.60,133019.93,38062.12,19064.56,17.63,0.00,0.00
629,80,8955.40,179526.10,125821.69,35791.60,17912.80,18.95,0.00,0.00
630,80,9175.45,183506.91,128456.24,36699.78,18350.89,16.41,0.00,0.00
631,80,9314.11,186259.26,130259.61,37371.43,18628.23,21.89,0.00,0.00
632,80,9106.81,182234.19,127620.35,36400.23,18213.62,17.63,0.00,0.00
633,80,8867.04,177257.80,124151.55,35372.17,17734.08,20.00,0.00,0.00
634,80,8670.90,173409.92,121391.54,34676.58,17341.79,21.11,0.00,0.00
635,80,1563.10,31315.91,21884.33,6305.38,3126.19,397.39,0.00,0.00
636,80,1400.94,28030.77,19613.14,5615.75,2801.88,569.67,0.00,0.00
637,80,8833.87,176556.38,123476.17,35412.48,17667.74,20.00,0.00,0.00
638,80,8678.56,173150.32,121225.92,34567.28,17357.12,20.74,0.00,0.00
639,80,9179.12,184146.52,128979.77,36808.50,18358.24,17.32,0.00,0.00
640,80,9455.64,189027.88,132379.02,37737.57,18911.29,17.32,0.00,0.00
641,80,8640.95,172801.09,120966.37,34552.82,17281.91,21.11,0.00,0.00
642,80,9344.87,186939.45,130660.20,37598.51,18680.74,19.65,0.00,0.00
643,80,9075.96,181582.15,127238.40,36182.83,18160.92,18.95,0.00,0.00
644,80,8901.89,177222.82,123899.49,35518.55,17804.77,17.32,0.00,0.00
645,80,1368.27,28139.59,19882.95,5521.10,2735.54,200.47,0.00,0.00
646,80,2864.85,57240.00,40107.90,11402.40,5729.70,390.30,0.00,0.00
647,80,8589.94,172064.67,120273.15,34610.64,17180.88,20.74,1.00,0.00
648,80,9472.03,189202.55,132597.45,37661.03,18944.06,20.00,0.00,0.00
649,80,9350.17,187034.30,130913.31,37420.66,18700.33,18.95,0.00,0.00
650,80,9008.67,180144.44,126121.41,36005.69,18017.34,19.65,0.00,0.00
651,80,8748.66,174487.25,121991.28,34998.65,17497.32,19.29,0.00,0.00
652,80,9616.49,192801.85,135120.90,38447.96,19232.98,16.41,0.00,0.00
653,80,9022.53,180456.59,126315.41,36096.12,18045.06,18.28,0.00,0.00
654,80,9528.89,189929.83,132751.48,38120.56,19057.78,16.12,0.00,0.00
655,80,9218.11,185168.20,129706.55,37025.44,18436.21,17.01,0.00,0.00
656,80,9233.38,183934.78,128676.46,36792.55,18465.77,20.37,0.00,0.00
657,80,9009.81,180356.08,126277.26,36058.22,18020.61,20.37,0.00,0.00
658,80,8825.55,176570.09,123658.77,35260.21,17651.11,20.37,0.00,0.00
659,80,9047.88,181319.46,127020.21,36203.50,18095.75,18.95,0.00,0.00
660,80,9089.77,181815.50,127256.85,36379.10,18179.55,20.74,0.00,0.00
661,80,9650.41,192979.10,135105.67,38572.62,19300.81,15.83,0.00,0.00
662,80,8785.02,175700.45,122990.32,35140.09,17570.05,19.65,0.00,0.00
663,80,9481.45,189767.96,132672.28,38134.78,18960.90,20.74,0.00,0.00
664,80,9499.98,189862.58,133067.72,37792.90,19001.96,15.55,0.00,0.00
665,80,9359.90,187243.04,131038.63,37484.61,18719.80,20.00,0.00,0.00
666,80,9333.81,186627.27,130673.39,37286.26,18667.63,20.37,0.00,0.00
667,80,8972.11,179483.19,125609.53,35929.44,17944.22,19.65,0.00,0.00
668,80,9194.20,183865.97,128710.78,36766.80,18388.40,20.37,0.00,0.00
669,80,9136.49,182718.83,127929.89,36514.96,18273.98,19.65,1.00,0.00
670,80,9211.01,184142.13,128700.09,37020.03,18422.01,16.12,0.00,0.00
671,80,9040.13,180905.64,126818.83,36006.54,18080.26,17.95,0.00,0.00
672,80,9502.76,190144.24,133043.67,38094.05,19006.52,18.28,1.00,0.00
673,80,9044.50,180716.08,126409.06,36218.01,18089.01,20.37,0.00,0.00
674,80,9482.85,189728.98,132918.88,37844.40,18965.70,20.00,0.00,0.00
675,80,8776.11,175436.29,122715.61,35168.45,17552.23,18.95,0.00,0.00
676,80,9259.72,185287.40,129850.11,36917.85,18519.44,17.63,0.00,0.00
677,80,9588.94,191753.88,134202.22,38373.77,19177.89,16.12,0.00,0.00
678,80,9282.24,185681.87,129994.41,37122.97,18564.49,17.01,0.00,0.00
679,80,8825.80,176511.04,123537.23,35322.21,17651.60,20.37,0.00,0.00
680,80,10174.03,203502.61,142460.42,40694.12,20348.06,15.83,0.00,0.00
681,80,9614.52,191917.41,134112.25,38582.11,19223.05,16.12,0.00,0.00
682,80,9489.48,189944.61,133132.70,37826.95,18984.96,17.01,0.00,0.00
683,80,9052.25,181265.87,126890.41,36270.96,18104.50,19.65,1.00,0.00
684,80,9610.17,192202.37,134608.42,38372.62,19221.34,17.32,0.00,0.00
685,80,9468.05,189396.05,132552.73,37907.21,18936.10,19.65,0.00,0.00
686,80,9436.18,188792.68,131962.59,37957.72,18872.37,17.95,0.00,0.00
687,80,9090.67,181603.45,127290.43,36131.68,18181.35,16.71,0.00,0.00
688,80,9585.45,191815.08,134179.36,38464.81,19170.91,17.95,1.00,0.00
689,80,9589.36,191831.23,134419.03,38231.48,19180.72,19.65,1.00,0.00
690,80,9390.96,187795.17,131473.43,37539.83,18781.92,20.74,0.00,0.00
691,80,8996.96,179809.20,125825.45,35989.84,17993.92,16.71,0.00,0.00
692,80,9539.91,190952.21,133690.74,38181.64,19079.82,16.12,0.00,0.00
693,80,9542.73,190854.50,133598.15,38170.90,19085.45,17.32,0.00,0.00
694,80,9227.07,184517.36,129178.95,36884.27,18454.14,19.29,0.00,0.00
695,80,1737.66,34612.07,24114.11,7022.65,3475.31,219.36,0.00,0.00
696,80,1481.13,29901.41,20877.72,6060.44,2963.26,331.91,1.00,0.00
697,80,9781.68,195527.51,137028.48,38935.67,19563.35,19.65,0.00,0.00
698,80,9605.36,191650.35,134014.17,38427.45,19208.73,21.11,0.00,0.00
699,80,9551.11,191471.23,134176.59,38190.42,19104.21,20.00,0.00,0.00
700,80,9571.85,191432.00,133935.90,38352.40,19143.70,16.41,0.00,0.00
701,80,9304.71,186109.20,130335.94,37163.84,18609.42,17.95,0.00,0.00
702,80,9676.66,193220.32,135142.34,38723.65,19354.33,17.95,1.00,0.00
703,80,10039.35,201097.13,140896.01,40122.41,20078.71,17.32,0.00,0.00
704,80,9765.61,195186.29,136559.61,39095.45,19531.23,19.65,0.00,0.00
705,80,2154.40,43334.96,30313.57,8712.60,4308.79,227.40,0.00,0.00
706,80,3416.67,67705.39,47313.38,13564.68,6827.33,170.48,0.00,0.00
707,80,9592.81,192282.12,134714.27,38376.23,19191.62,16.41,0.00,0.00
708,80,9779.31,195772.14,136957.28,39256.24,19558.61,17.32,0.00,0.00
709,80,9631.58,192567.52,134844.05,38460.31,19263.15,15.00,0.00,0.00
710,80,9672.89,193209.71,135168.39,38695.55,19345.77,14.21,0.00,0.00
711,80,10182.61,203654.29,142642.61,40646.45,20365.23,16.41,0.00,0.00
712,80,9934.94,199065.71,139277.10,39918.73,19869.87,14.73,0.00,0.00
713,80,10074.62,201254.40,140861.68,40254.48,20138.24,15.00,0.00,0.00
714,80,9389.25,187950.04,131673.53,37487.00,18789.50,17.01,0.00,0.00
715,80,10167.23,203419.63,142260.25,40824.91,20334.46,20.00,0.00,0.00
716,80,9879.44,197444.69,138393.11,39292.71,19758.87,15.83,0.00,0.00
717,80,8762.18,175109.67,122481.59,35103.72,17524.36,19.65,0.00,0.00
718,80,10248.38,205239.71,143560.38,41182.56,20496.77,14.73,0.00,0.00
719,80,9554.65,190563.98,133501.09,37958.59,19104.30,16.41,0.00,0.00
720,80,9497.47,190342.37,133318.55,38023.88,18999.94,17.63,0.00,0.00
721,80,8893.41,177784.17,124461.72,35535.63,17786.82,16.12,0.00,0.00
722,80,9200.95,184146.05,128875.34,36868.81,18401.91,16.41,0.00,0.00
723,80,9421.23,188232.72,131765.30,37624.94,18842.47,20.00,0.00,0.00
724,80,9346.15,186485.13,130402.20,37391.62,18691.31,17.95,0.00,0.00
725,80,9001.67,180613.49,126599.47,36009.68,18004.34,17.01,0.00,0.00
726,80,9292.68,185482.57,129702.50,37202.71,18577.36,18.95,0.00,0.00
727,80,9285.72,185745.38,130054.06,37111.88,18579.44,16.71,0.00,0.00
728,80,9458.86,189505.29,132765.12,37822.45,18917.73,16.41,0.00,0.00
729,80,8394.36,168166.20,117499.06,33878.42,16788.72,21.50,0.00,0.00
730,80,9349.76,186761.27,130918.70,37143.04,18699.53,19.29,0.00,0.00
731,80,9929.97,198581.33,138867.55,39853.85,19859.93,17.32,0.00,0.00
732,80,9540.97,190816.48,133725.65,38008.88,19081.95,18.61,0.00,0.00
733,80,8804.98,176074.60,123269.72,35194.92,17609.96,19.65,0.00,0.00
734,80,9659.92,193080.42,135040.90,38719.67,19319.84,17.32,0.00,0.00
735,80,9337.26,186882.21,130933.66,37273.03,18675.52,18.61,1.00,0.00
736,80,9106.13,182128.63,127485.84,36430.53,18212.26,15.55,0.00,0.00
737,80,9347.69,187215.86,130835.71,37683.76,18696.39,15.00,0.00,0.00
738,80,9626.09,191691.70,134215.19,38226.34,19250.17,16.12,0.00,0.00
739,80,9460.57,189768.34,133029.95,37816.26,18922.13,16.41,0.00,0.00
740,80,9160.44,183128.79,128147.17,36660.75,18320.88,17.63,0.00,0.00
741,80,9727.03,194872.67,136246.43,39171.17,19455.06,18.61,1.00,0.00
742,80,9221.17,184231.32,129141.35,36647.64,18442.33,19.29,0.00,0.00
743,80,10202.88,204071.60,142840.32,40825.52,20405.76,15.00,0.00,0.00
744,80,8895.44,177993.81,124495.18,35707.76,17790.88,20.00,0.00,0.00
745,80,9774.30,195359.97,136881.18,38930.19,19548.60,17.95,0.00,0.00
746,80,9566.25,191313.07,133924.55,38256.02,19132.51,16.12,0.00,0.00
747,80,9938.70,198783.04,139144.83,39760.81,19877.40,17.01,0.00,0.00
748,80,8754.16,175049.12,122370.20,35170.61,17508.31,18.28,0.00,0.00
749,80,9544.08,190905.64,133773.16,38044.31,19088.16,17.01,0.00,0.00
750,80,9132.93,182861.55,127893.00,36702.70,18265.86,21.11,0.00,0.00
751,80,9581.33,191496.70,133996.70,38337.33,19162.67,16.71,0.00,0.00
752,80,9413.68,188225.50,131933.48,37464.67,18827.35,17.95,0.00,0.00
753,80,9971.28,199421.66,139426.96,40052.14,19942.57,19.65,0.00,0.00
754,80,9536.82,190719.43,133686.52,37959.27,19073.64,17.95,0.00,0.00
755,80,2083.04,41729.71,29153.50,8410.14,4166.07,219.36,0.00,0.00
756,80,3406.91,68089.21,47705.75,13569.64,6813.82,173.58,0.00,0.00
757,80,8997.21,179380.35,125425.09,35960.84,17994.42,21.50,0.00,0.00
758,80,9398.93,188591.78,132121.18,37672.74,18797.86,15.00,0.00,0.00
759,80,9754.65,195061.01,136565.10,38986.60,19509.30,18.28,0.00,0.00
760,80,10110.14,202036.89,141378.03,40438.57,20220.29,15.83,0.00,0.00
761,80,9199.38,184181.58,128955.31,36827.52,18398.76,20.00,0.00,0.00
762,80,9275.28,185295.68,129553.99,37191.13,18550.57,20.37,0.00,0.00
763,80,9816.08,196170.56,137263.09,39289.31,19618.16,17.95,0.00,0.00
764,80,9559.52,191067.32,133884.23,38050.06,19133.03,19.29,0.00,0.00
765,80,10285.24,205929.79,144169.35,41193.96,20566.48,15.00,0.00,0.00
766,80,9385.92,187994.45,131567.92,37650.68,18775.85,17.32,0.00,0.00
767,80,9796.45,195702.92,137038.25,39071.77,19592.90,15.83,0.00,0.00
768,80,9329.64,186755.75,130796.93,37299.55,18659.27,20.74,0.00,0.00
769,80,10323.97,206490.38,144344.59,41497.86,20647.94,15.00,0.00,0.00
770,80,10087.32,201956.30,141383.41,40398.26,20174.63,17.63,0.00,0.00
771,80,9805.48,195870.56,137306.72,38952.88,19610.96,16.71,0.00,0.00
772,80,8774.18,175358.65,122538.57,35271.71,17548.36,21.11,0.00,0.00
773,80,10211.93,204205.55,143115.93,40665.76,20423.85,15.00,0.00,0.00
774,80,9705.42,194270.51,136030.97,38827.69,19411.85,17.01,1.00,0.00
775,80,9674.85,193253.98,135134.93,38769.36,19349.69,17.95,0.00,0.00
776,80,9961.28,199462.58,139771.96,39768.08,19922.55,14.73,0.00,0.00
777,80,9618.79,192386.87,134672.11,38477.17,19237.59,17.01,0.00,0.00
778,80,9950.67,199042.46,139309.42,39831.69,19901.35,15.83,0.00,0.00
779,80,9693.91,193746.23,135576.77,38780.64,19388.82,17.32,1.00,0.00
780,80,10044.65,201184.97,140777.08,40318.60,20089.30,16.41,0.00,0.00
781,80,11175.01,223360.23,156417.16,44593.05,22350.02,14.21,0.00,0.00
782,80,10683.12,213706.37,149516.67,42823.47,21366.24,14.21,0.00,0.00
783,80,10674.89,213080.87,149144.51,42591.58,21344.78,14.21,0.00,0.00
784,80,11144.22,223289.49,156403.17,44592.88,22293.44,13.70,0.00,0.00
785,80,11383.93,227509.52,159246.96,45494.70,22767.85,13.95,0.00,0.00
786,80,10614.78,211975.61,148278.93,42467.12,21229.56,13.70,0.00,0.00
787,80,10389.36,208257.08,145798.95,41679.41,20778.72,14.46,0.00,0.00
788,80,10822.19,216418.88,151618.74,43155.75,21644.39,15.00,0.00,0.00
789,80,10562.74,210540.81,147164.40,42259.94,21116.47,15.27,0.00,0.00
790,80,10990.28,220077.42,154074.78,44013.08,21989.55,14.46,0.00,0.00
791,80,11009.99,220473.86,154392.92,44062.96,22017.98,15.00,0.00,0.00
792,80,10536.19,210888.87,147691.71,42122.77,21074.39,14.73,0.00,0.00
793,80,10545.98,211175.52,147692.66,42390.90,21091.95,13.95,0.00,0.00
794,80,11025.22,220005.47,154138.13,43816.89,22050.45,15.27,0.00,0.00
795,80,11033.00,220925.03,154693.03,44166.01,22066.00,15.27,0.00,0.00
796,80,10723.10,214440.07,150123.45,42870.41,21446.21,15.00,0.00,0.00
797,80,11258.52,225154.41,157619.29,45018.08,22517.04,14.21,0.00,0.00
798,80,11203.92,224100.32,156868.82,44822.66,22408.83,13.46,1.00,0.00
799,80,10363.53,207024.70,144768.51,41529.12,20727.07,14.46,0.00,0.00
800,80,11473.20,230016.14,160944.89,46124.84,22946.41,13.70,0.00,0.00
801,80,11331.43,226220.61,158481.02,45076.73,22662.86,13.95,0.00,0.00
802,80,11439.76,228921.21,160316.65,45725.04,22879.52,14.21,0.00,0.00
803,80,12166.99,243306.78,170337.84,48634.96,24333.98,15.83,0.00,0.00
804,80,11135.40,222722.00,155895.60,44555.60,22270.80,14.21,0.00,0.00
805,80,11349.66,226837.17,158716.23,45421.63,22699.32,14.73,0.00,0.00
806,80,11129.94,222691.90,155949.24,44482.77,22259.89,14.46,0.00,0.00
807,80,11537.04,230577.74,161248.55,46255.13,23074.07,16.41,0.00,0.00
808,80,11192.47,223524.45,156437.61,44711.89,22374.95,14.73,0.00,0.00
809,80,11387.17,228305.35,159996.35,45524.67,22784.33,13.95,0.00,0.00
810,80,11917.30,238262.92,166591.14,47837.19,23834.59,13.95,0.00,0.00
811,80,11757.80,235272.95,164860.16,46897.19,23515.60,13.70,0.00,0.00
812,80,10775.47,215386.40,150740.58,43093.88,21551.94,15.83,1.00,0.00
813,80,11711.31,234315.28,164088.41,46804.25,23422.63,13.46,0.00,0.00
814,80,11561.73,231230.69,161864.28,46242.94,23123.47,14.21,0.00,0.00
815,80,2580.19,51708.78,36109.64,10438.76,5160.38,215.44,0.00,0.00
816,80,3271.45,65472.92,45813.25,13116.78,6542.89,173.58,0.00,0.00
817,80,11667.50,232810.03,162955.02,46520.00,23335.01,13.95,0.00,0.00
818,80,11413.53,228449.58,159872.41,45750.11,22827.06,15.27,0.00,0.00
819,80,11879.44,237791.79,166505.16,47528.75,23757.88,14.21,0.00,0.00
820,80,11300.70,225928.10,158120.87,45204.82,22602.41,13.70,2.00,0.00
821,80,11724.48,234596.62,164352.76,46792.90,23450.96,15.00,0.00,0.00
822,80,11726.88,234585.62,164197.33,46934.52,23453.76,14.46,0.00,0.00
823,80,10925.33,218478.60,152884.62,43742.32,21851.66,16.41,1.00,0.00
824,80,11505.30,230047.95,160887.17,46150.18,23010.59,14.46,0.00,0.00
825,80,2041.24,40984.77,28836.35,8065.94,4082.47,235.74,0.00,0.00
826,80,3067.61,61263.21,42958.54,12169.45,6135.22,183.21,0.00,0.00
827,80,11627.42,232552.47,162783.93,46513.70,23254.85,13.95,0.00,0.00
828,80,11732.21,234228.34,163810.06,46954.85,23463.43,14.21,1.00,0.00
829,80,12293.20,246317.20,172559.98,49168.82,24588.41,13.46,0.00,0.00
830,80,11759.85,235203.97,164637.88,47046.39,23519.70,15.00,0.00,0.00
831,80,11677.23,233422.57,163338.20,46729.91,23354.46,15.27,0.00,0.00
832,80,11942.92,238961.33,167343.84,47731.66,23885.83,13.70,0.00,0.00
833,80,12050.01,240621.16,168262.13,48259.02,24100.01,13.95,0.00,0.00
834,80,11718.83,234368.52,164119.55,46812.32,23436.65,15.00,0.00,0.00
835,80,11076.31,221714.32,155144.41,44416.28,22153.63,14.21,1.00,0.00
836,80,12402.00,247899.01,173603.99,49490.02,24805.00,13.46,0.00,0.00
837,80,12189.00,244053.98,170818.99,48860.00,24375.00,13.22,0.00,0.00
838,80,11439.84,228674.75,160052.73,45744.35,22877.67,15.00,0.00,0.00
839,80,12126.31,242751.39,170044.54,48449.23,24257.63,14.21,0.00,0.00
840,80,12262.82,244836.60,171292.65,49018.31,24525.65,13.46,0.00,0.00
841,80,11484.23,230085.76,161166.37,45950.93,22968.46,14.21,0.00,0.00
842,80,11850.42,237004.45,165905.92,47397.69,23700.85,14.73,0.00,0.00
843,80,11650.17,232593.38,162704.39,46590.67,23298.33,14.46,0.00,0.00
844,80,12002.88,239830.61,167792.31,48042.53,23995.76,13.95,0.00,0.00
845,80,11890.61,238456.22,167114.56,47548.44,23793.22,14.21,0.00,0.00
846,80,12029.43,240466.52,168283.97,48126.70,24055.85,14.46,0.00,0.00
847,80,12213.79,244247.72,170892.01,48929.14,24426.57,14.73,0.00,0.00
848,80,11838.48,236906.58,165851.71,47372.92,23681.96,13.70,1.00,0.00
849,80,11977.78,238832.65,167044.97,47832.12,23955.56,13.95,0.00,0.00
850,80,11929.10,239214.09,167488.47,47867.42,23858.20,13.70,0.00,0.00
851,80,11957.21,239427.11,167693.87,47818.83,23914.41,13.46,0.00,0.00
852,80,11942.13,238570.64,166985.85,47700.53,23884.27,14.46,0.00,0.00
853,80,7487.43,149963.51,104999.95,29989.70,14973.85,16.12,0.00,0.00
854,80,15010.94,299746.03,209780.33,59944.81,30020.89,12.75,0.00,0.00
855,80,13539.85,271183.11,189890.00,54211.41,27081.70,13.22,0.00,0.00
856,80,12374.02,247443.32,173299.22,49396.06,24748.03,13.70,0.00,0.00
857,80,12316.61,246364.26,172438.58,49292.45,24633.23,15.00,0.00,0.00
858,80,12233.24,244133.85,170679.41,49012.96,24441.48,13.95,0.00,0.00
859,80,12593.02,252582.40,176857.28,50514.08,25211.04,13.95,0.00,0.00
860,80,11876.91,237364.20,166307.74,47302.64,23753.82,13.46,0.00,0.00
861,80,12278.08,245830.62,171893.13,49381.33,24556.16,14.46,0.00,0.00
862,80,12526.04,250234.86,175371.62,49810.15,25053.09,14.21,1.00,0.00
863,80,12826.45,256525.00,179576.30,51295.80,25652.90,13.22,0.00,0.00
864,80,12774.95,255461.03,178668.33,51241.79,25550.90,13.95,1.00,0.00
865,80,12588.02,251835.39,176428.29,50231.07,25176.04,13.70,0.00,0.00
866,80,12663.00,253161.99,177184.99,50651.00,25326.00,13.70,0.00,0.00
867,80,11719.21,234080.34,163759.05,46882.86,23438.43,13.70,0.00,0.00
868,80,12472.28,249816.61,175018.96,49853.10,24944.55,13.70,0.00,0.00
869,80,11750.35,234747.17,164230.06,47016.40,23500.70,14.21,1.00,0.00
870,80,13056.12,261391.29,182940.61,52337.45,26113.23,13.22,0.00,0.00
871,80,12888.14,257778.75,180567.99,51434.48,25776.27,13.95,0.00,0.00
872,80,12951.81,259078.13,181325.30,51849.22,25903.61,13.46,0.00,0.00
873,80,12410.41,248234.13,173750.69,49661.63,24821.81,13.95,1.00,0.00
874,80,12513.08,249553.72,174528.22,49999.34,25026.17,14.21,0.00,0.00
875,80,1846.70,37489.21,26349.99,7445.82,3693.40,231.53,0.00,0.00
876,80,1127.55,22628.06,15910.71,4462.24,2255.11,376.49,0.00,0.00
877,80,12085.73,241615.61,169096.25,48347.91,24171.46,14.46,0.00,0.00
878,80,12263.24,245035.75,171473.30,49037.96,24524.48,13.95,0.00,0.00
879,80,12670.28,253565.56,177550.90,50671.10,25343.55,13.70,1.00,0.00
880,80,12071.58,241643.55,169208.09,48292.31,24143.15,15.27,0.00,0.00
881,80,12395.49,247288.81,172883.89,49613.94,24790.97,13.70,0.00,0.00
882,80,12989.44,260407.05,182505.39,51922.77,25978.89,13.22,0.00,0.00
883,80,12765.41,255302.24,178715.77,51055.65,25530.82,14.73,0.00,0.00
884,80,12917.52,258253.49,180595.45,51835.99,25822.05,13.95,0.00,0.00
885,80,2684.38,53894.85,37831.59,10681.48,5381.78,211.60,0.00,0.00
886,80,4209.94,84087.93,58939.21,16728.83,8419.89,155.80,0.00,0.00
887,80,12124.96,242534.22,169749.45,48534.85,24249.92,13.46,0.00,0.00
888,80,12357.80,246747.12,172591.29,49440.21,24715.61,13.70,0.00,0.00
889,80,11940.84,239200.90,167589.85,47729.36,23881.68,14.73,0.00,0.00
890,80,9843.39,196881.88,137807.51,39387.57,19686.79,15.55,0.00,0.00
891,80,8617.99,172335.87,120651.91,34447.97,17235.99,17.01,0.00,0.00
892,80,8718.50,174023.97,121611.01,34975.96,17436.99,19.65,0.00,0.00
893,80,8449.35,169344.99,118738.92,33707.37,16898.69,20.37,0.00,0.00
894,80,8549.76,170968.19,119671.64,34197.04,17099.52,20.74,0.00,0.00
895,80,8564.55,170804.12,119426.79,34248.22,17129.11,20.37,0.00,0.00
896,80,7944.96,159607.15,111731.41,31985.83,15889.92,20.74,0.00,0.00
897,80,7888.82,157447.45,110271.51,31398.30,15777.64,21.50,0.00,0.00
898,80,8492.06,169950.26,118938.88,34027.26,16984.12,21.11,0.00,0.00
899,80,8534.04,170684.82,119590.56,34026.18,17068.08,20.74,0.00,0.00
900,80,7653.21,153109.12,107152.88,30649.82,15306.41,21.11,0.00,0.00
901,80,7395.04,147740.70,103371.48,29579.14,14790.07,21.89,0.00,0.00
902,80,7572.01,151566.11,106167.07,30255.03,15144.01,20.74,0.00,0.00
903,80,7739.07,154427.54,107996.09,30953.30,15478.15,21.89,0.00,0.00
904,80,7955.19,159729.80,111723.64,32095.78,15910.37,21.11,0.00,0.00
905,80,8163.02,163072.36,114296.27,32449.05,16327.04,21.50,1.00,0.00
906,80,7720.28,154237.55,107783.93,31013.07,15440.55,21.89,0.00,0.00
907,80,8308.28,166543.72,116616.01,33311.14,16616.57,21.11,0.00,0.00
908,80,8695.74,173873.74,121740.31,34741.95,17391.47,18.95,0.00,0.00
909,80,7924.45,158281.03,110929.33,31502.80,15848.90,21.50,0.00,0.00
910,80,8583.29,171705.79,120179.05,34360.16,17166.58,20.74,0.00,0.00
911,80,7716.41,154276.18,108029.72,30813.64,15432.82,22.28,0.00,0.00
912,80,8874.58,177444.67,123993.18,35702.32,17749.17,20.74,0.00,0.00
913,80,7900.66,157578.25,110371.27,31405.65,15801.32,21.50,0.00,0.00
914,80,8059.26,161479.15,113001.60,32359.03,16118.51,21.11,0.00,0.00
915,80,8169.15,163569.05,114685.14,32545.61,16338.30,21.11,0.00,0.00
916,80,7698.41,154264.20,107777.73,31089.65,15396.82,22.28,0.00,0.00
917,80,8266.12,165081.42,115725.70,32823.48,16532.24,20.74,0.00,0.00
918,80,8266.74,165182.93,115596.46,33052.98,16533.49,19.29,0.00,0.00
919,80,8584.98,171487.57,120028.70,34290.91,17167.96,20.74,0.00,0.00
920,80,7767.21,155499.26,108790.97,31171.86,15536.42,21.11,0.00,0.00
921,80,7521.81,150560.31,105541.43,29975.25,15043.63,20.74,0.00,0.00
922,80,8333.79,166689.73,116686.01,33336.15,16667.57,21.11,0.00,0.00
923,80,8006.98,160209.64,112097.75,32097.93,16013.96,20.74,0.00,0.00
924,80,8390.05,167760.91,117460.64,33520.18,16780.09,20.37,0.00,0.00
925,80,8735.54,174760.83,122296.58,34993.16,17471.08,18.28,0.00,0.00
926,80,7870.70,157359.04,110204.83,31411.80,15742.40,22.28,1.00,0.00
927,80,8428.80,168601.94,118017.16,33726.19,16858.59,20.37,1.00,0.00
928,80,8446.11,168895.27,118218.59,33783.45,16893.23,21.89,1.00,0.00
929,80,8154.77,163120.32,114207.72,32603.06,16309.53,21.50,0.00,0.00
930,80,1944.33,38951.65,27213.65,7849.34,3888.66,223.34,0.00,0.00
931,80,2278.87,45522.41,31911.19,9053.49,4557.74,147.61,0.00,0.00
932,80,7901.91,157658.25,110244.78,31609.65,15803.82,21.50,0.00,0.00
933,80,9142.63,183265.61,128378.83,36601.52,18285.26,17.32,0.00,0.00
934,80,8546.93,170895.52,119656.97,34144.70,17093.85,20.37,0.00,0.00
935,80,2208.36,44275.21,30917.03,8941.46,4416.72,211.60,0.00,0.00
936,80,3482.21,69544.15,48750.89,13828.85,6964.41,158.63,0.00,0.00
937,80,8498.82,169733.41,118702.52,34033.26,16997.64,21.11,0.00,0.00
938,80,8700.60,174490.11,122089.46,34999.45,17401.20,19.65,0.00,0.00
939,80,7896.26,157022.48,109887.84,31342.11,15792.53,20.74,0.00,0.00
940,80,9227.52,185229.53,129844.40,36930.09,18455.04,20.37,0.00,0.00
941,80,7888.24,157593.88,110142.41,31674.98,15776.49,21.11,0.00,0.00
942,80,8475.07,169334.38,118623.97,33759.28,16951.14,20.37,1.00,0.00
943,80,8745.08,175308.51,122766.06,35052.30,17490.16,18.28,0.00,0.00
944,80,8857.52,177093.48,124005.35,35373.09,17715.05,20.37,0.00,0.00
945,80,1701.66,34091.23,23801.24,6886.67,3403.32,235.74,0.00,0.00
946,80,2374.82,47554.38,33269.47,9535.26,4749.64,186.54,0.00,0.00
947,80,9186.84,183867.88,128615.81,36878.39,18373.69,18.95,0.00,0.00
948,80,8978.54,179110.97,125470.66,35684.22,17956.09,20.00,0.00,0.00
949,80,8245.98,165140.65,115669.77,32977.92,16492.96,20.37,0.00,0.00
950,80,8672.68,173557.53,121375.49,34836.69,17345.35,20.00,0.00,0.00
951,80,9295.01,185952.14,130203.10,37157.02,18592.01,20.74,2.00,0.00
952,80,8622.65,172313.08,120717.15,34350.62,17245.31,20.37,0.00,0.00
953,80,8962.32,179281.34,125472.44,35884.27,17924.63,18.28,0.00,0.00
954,80,8541.76,170366.23,119156.68,34126.03,17083.51,19.65,0.00,0.00
955,80,9738.54,195237.95,136767.69,38993.18,19477.08,18.95,0.00,0.00
956,80,9895.97,197593.41,138213.60,39588.87,19790.94,17.95,0.00,0.00
957,80,7893.11,158149.18,110832.53,31529.44,15787.22,21.11,0.00,0.00
958,80,9149.80,182709.96,127686.20,36724.17,18299.59,20.37,0.00,0.00
959,80,9197.01,184286.27,129170.23,36722.02,18394.02,16.12,0.00,0.00
960,80,9026.19,180520.83,126366.68,36101.77,18052.38,19.65,0.00,0.00
961,80,8764.72,175276.36,122706.05,35040.87,17529.44,20.37,0.00,0.00
962,80,8396.73,167976.64,117554.25,33628.93,16793.46,21.50,0.00,0.00
963,80,9228.42,184498.43,129197.90,36843.68,18456.84,17.63,0.00,0.00
964,80,8734.86,174724.29,122120.15,35134.41,17469.73,20.37,0.00,0.00
965,80,8822.00,176008.04,123216.03,35148.00,17644.01,20.74,0.00,0.00
966,80,9516.18,190740.59,133700.54,38006.70,19033.35,14.73,1.00,0.00
967,80,8877.47,177649.39,124237.60,35656.84,17754.94,17.63,0.00,0.00
968,80,9589.79,191699.70,134304.02,38216.10,19179.57,17.63,0.00,0.00
969,80,9042.56,180271.22,126004.88,36184.22,18082.11,17.95,0.00,0.00
970,80,8691.39,174405.88,122270.55,34749.55,17385.78,17.95,0.00,0.00
971,80,9645.96,192916.17,135021.43,38602.83,19291.92,17.01,0.00,0.00
972,80,9393.06,187897.28,131538.90,37571.25,18787.13,17.95,1.00,0.00
973,80,9758.12,195298.38,136613.67,39168.47,19516.24,17.01,0.00,0.00
974,80,9089.57,181596.34,127186.94,36230.26,18179.13,17.01,0.00,0.00
975,80,9822.16,195966.38,137046.39,39275.66,19644.33,15.27,0.00,0.00
976,80,9939.81,199343.23,139688.39,39775.23,19879.61,15.83,0.00,0.00
977,80,9967.09,199372.89,139391.34,40047.36,19934.19,15.55,0.00,0.00
978,80,9459.69,188874.83,132299.69,37655.76,18919.39,17.01,0.00,0.00
979,80,10475.70,209770.91,146941.73,41877.78,20951.39,15.00,0.00,0.00
980,80,9986.90,199763.94,139832.56,39956.59,19974.79,15.27,1.00,0.00
981,80,8559.32,171288.47,119753.52,34416.30,17118.65,21.50,0.00,0.00
982,80,10278.60,205689.91,143977.34,41155.38,20557.19,18.28,0.00,0.00
983,80,9398.89,187747.69,131584.40,37365.52,18797.77,20.00,0.00,0.00
984,80,9632.48,192730.65,134854.76,38610.93,19264.97,17.95,0.00,0.00
985,80,9344.31,186801.24,130820.37,37292.24,18688.62,16.12,0.00,0.00
986,80,10117.45,202244.94,141534.26,40475.79,20234.89,17.01,0.00,0.00
987,80,9732.25,194842.04,136361.53,39016.00,19464.51,18.28,0.00,0.00
988,80,9907.01,198092.15,138698.11,39580.03,19814.02,16.71,0.00,0.00
989,80,8825.35,176479.05,123554.94,35273.41,17650.71,20.37,0.00,0.00
990,80,10251.84,204936.77,143400.74,41032.35,20503.68,15.27,0.00,0.00
991,80,10224.61,204601.24,143269.56,40882.45,20449.23,17.01,0.00,0.00
992,80,9534.50,190739.03,133483.02,38187.01,19069.00,15.27,0.00,0.00
993,80,9041.10,180663.00,126298.42,36297.38,18067.20,21.50,0.00,0.00
994,80,9516.07,189824.48,132914.03,37863.31,19047.14,17.95,0.00,0.00
995,80,1854.50,37511.21,26321.17,7481.04,3709.01,227.40,0.00,0.00
996,80,2857.34,57606.77,40232.76,11659.32,5714.69,179.94,0.00,0.00
997,80,10412.74,207957.76,145778.39,41353.89,20825.48,17.63,0.00,0.00
998,80,9986.95,199901.04,139817.34,40109.79,19973.91,15.00,0.00,0.00
999,80,9876.91,197253.13,138118.69,39379.63,19754.81,15.55,1.00,0.00
1000,80,10015.64,200469.72,140390.90,40047.55,20031.27,13.95,0.00,0.00
1001,80,10017.90,199675.22,139557.80,40081.61,20035.81,20.00,0.00,0.00
1002,80,10749.31,215750.45,151183.56,43068.26,21498.62,15.27,0.00,0.00
1003,80,9940.70,198778.01,139169.80,39726.80,19881.40,17.01,0.00,0.00
1004,80,10958.89,219021.85,153166.52,43938.54,21916.78,15.27,0.00,0.00
1005,80,2013.52,40456.37,28447.29,7981.05,4028.03,215.44,0.00,0.00
1006,80,3933.95,78427.15,54881.41,15676.83,7868.91,31.37,0.00,0.00
1007,80,10209.68,204288.64,142884.53,40985.75,20418.36,16.12,0.00,0.00
1008,80,11073.70,221525.96,155247.77,44130.80,22147.40,13.70,0.00,0.00
1009,80,10259.68,205122.64,143428.57,41173.71,20520.36,15.00,0.00,0.00
1010,80,10899.99,218324.80,152788.85,43736.97,21798.97,14.21,0.00,0.00
1011,80,11594.70,231658.97,162372.79,46096.78,23189.40,13.95,0.00,0.00
1012,80,10233.17,204698.40,143273.38,40957.68,20467.34,16.12,1.00,0.00
1013,80,10029.46,200576.24,140417.46,40099.85,20058.92,20.37,0.00,0.00
1014,80,10165.37,203061.46,141918.23,40811.48,20331.74,14.46,0.00,0.00
1015,80,11365.08,227583.69,159312.18,45543.34,22728.17,13.95,0.00,0.00
1016,80,6405.68,128100.58,89875.52,25412.69,12812.36,13.46,0.00,0.00
1017,80,12058.14,240993.91,168629.05,48252.57,24112.29,15.83,0.00,0.00
1018,80,12323.31,246587.18,172698.34,49238.22,24650.62,15.55,0.00,0.00
1019,80,11014.15,220346.96,154211.07,44107.59,22028.30,13.95,0.00,0.00
1020,80,11926.98,238755.62,166966.75,47934.91,23853.96,13.70,0.00,0.00
1021,80,10894.88,217241.62,152131.33,43321.54,21788.76,15.55,0.00,0.00
1022,80,10869.52,217787.51,152549.38,43498.09,21740.04,15.00,0.00,0.00
1023,80,10335.44,206745.89,144728.22,41346.78,20670.89,15.00,0.00,0.00
1024,80,11430.36,228010.26,159415.13,45745.42,22849.71,16.12,0.00,0.00
1025,80,10972.32,220021.48,154222.56,43843.28,21955.64,15.55,0.00,0.00
1026,80,10242.25,204095.95,142590.46,41028.00,20477.50,16.71,0.00,0.00
1027,80,11630.20,233152.07,163338.85,46545.81,23267.41,15.27,0.00,0.00
1028,80,10116.72,202601.50,141933.15,40433.89,20234.45,15.27,1.00,0.00
1029,80,10617.17,212467.41,148582.39,42650.67,21234.34,15.27,0.00,0.00
1030,80,11006.93,219839.52,154048.98,43776.69,22013.85,14.46,0.00,0.00
1031,80,9651.20,193131.09,135222.86,38605.82,19302.41,16.41,0.00,0.00
1032,80,10954.81,219104.17,153367.32,43827.23,21909.62,15.27,0.00,0.00
1033,80,11076.71,221272.25,154814.99,44302.84,22154.42,14.21,1.00,0.00
1034,80,10633.34,212998.79,149090.75,42639.36,21268.68,14.73,0.00,0.00
1035,80,11790.62,235551.32,164832.62,47140.47,23578.23,14.21,0.00,0.00
1036,80,11201.38,224391.68,156995.38,44992.54,22403.77,13.95,0.00,0.00
1037,80,10773.86,215372.17,150869.00,42955.46,21547.71,15.55,0.00,0.00
1038,80,6245.90,124571.08,87112.66,24979.61,12478.81,15.00,0.00,0.00
1039,80,13081.25,261984.08,183375.56,52433.02,26175.51,15.00,0.00,0.00
1040,80,12870.17,256524.44,179552.41,51236.69,25735.34,14.46,0.00,0.00
1041,80,11500.04,230809.88,161796.64,46008.16,23005.08,14.21,0.00,0.00
1042,80,12671.44,253227.81,177192.17,50692.76,25342.88,13.95,0.00,0.00
1043,80,11113.23,222228.54,155531.18,44476.91,22220.45,16.12,0.00,0.00
1044,80,10952.91,219289.14,153602.69,43774.64,21911.82,14.21,0.00,0.00
1045,80,11070.85,221220.03,154761.93,44316.40,22141.70,13.70,1.00,0.00
1046,80,11047.67,221225.42,154911.40,44217.68,22096.34,13.70,0.00,0.00
1047,80,10601.07,211981.32,148414.92,42364.27,21202.13,15.27,0.00,0.00
1048,80,10461.25,209240.97,146457.48,41861.00,20922.50,15.55,0.00,0.00
1049,80,10930.75,218119.07,152459.57,43808.99,21850.50,14.21,0.00,0.00
1050,80,11097.32,222293.38,155711.46,44376.28,22205.64,15.55,0.00,0.00
1051,80,11059.33,221297.58,154977.60,44201.32,22118.66,16.71,0.00,0.00
1052,80,11287.69,225759.80,158102.68,45081.74,22575.38,14.21,0.00,0.00
1053,80,11687.15,233857.00,163499.12,46988.58,23369.30,14.73,0.00,0.00
1054,80,11770.62,235308.35,164909.62,46852.49,23546.23,13.95,0.00,0.00
1055,80,1814.69,36027.63,25108.50,7289.76,3629.37,231.53,0.00,0.00
1056,80,897.06,18501.75,12853.55,3854.08,1794.12,450.77,0.00,0.00
1057,80,10651.55,212650.51,149035.36,42312.05,21303.10,15.55,0.00,0.00
1058,80,11386.60,227452.97,159080.41,45599.37,22773.19,15.55,0.00,0.00
1059,80,11184.08,224087.62,157010.18,44708.29,22369.15,14.46,1.00,0.00
1060,80,11548.52,230971.32,161679.23,46195.06,23097.03,13.95,0.00,0.00
1061,80,11442.76,228810.18,160190.62,45734.04,22885.52,15.55,0.00,0.00
1062,80,11638.72,232883.35,162884.04,46720.88,23278.43,13.46,1.00,0.00
1063,80,11113.11,221789.06,155214.43,44348.41,22226.21,14.46,0.00,0.00
1064,80,11409.63,228412.56,160012.79,45580.51,22819.26,13.95,0.00,0.00
1065,80,1979.82,39863.55,27885.58,8018.33,3959.64,235.74,0.00,0.00
1066,80,2871.01,57575.06,40181.08,11651.96,5742.01,189.93,0.00,0.00
1067,80,10634.91,212595.29,148904.79,42420.67,21269.83,19.29,0.00,0.00
1068,80,11035.98,220608.66,154503.77,44032.92,22071.97,15.00,0.00,0.00
1069,80,11743.66,234349.19,163830.26,47039.62,23479.31,13.22,0.00,0.00
1070,80,11163.15,223851.98,156796.07,44722.60,22333.31,15.27,0.00,0.00
1071,80,12119.68,242215.64,169662.58,48312.69,24240.37,13.46,0.00,0.00
1072,80,11515.60,230530.95,161213.40,46287.35,23030.20,14.73,0.00,0.00
1073,80,11952.27,238892.44,167418.84,47568.05,23905.55,15.27,0.00,0.00
1074,80,10804.82,215796.38,150927.47,43260.27,21608.64,16.12,0.00,0.00
1075,80,11725.77,234292.45,163954.83,46895.08,23442.54,14.21,0.00,0.00
1076,80,6619.20,132936.22,93215.01,26472.81,13248.41,17.32,0.00,0.00
1077,80,14351.08,286705.67,200552.19,57457.32,28696.16,12.52,0.00,0.00
1078,80,12313.10,246572.96,172746.39,49194.38,24632.19,13.70,0.00,0.00
1079,80,12259.09,245438.69,171627.20,49293.32,24518.17,13.95,0.00,0.00
1080,80,11976.82,239242.41,167662.47,47626.30,23953.64,13.95,0.00,0.00
1081,80,11694.75,233802.10,163501.57,46911.02,23389.51,13.70,0.00,0.00
1082,80,11301.17,225911.36,158126.35,45185.67,22599.34,14.73,0.00,0.00
1083,80,11474.05,229702.00,160964.72,45786.19,22951.10,13.95,0.00,0.00
1084,80,11759.53,235187.53,164633.37,47035.11,23519.05,16.71,0.00,0.00
1085,80,11528.14,230068.74,160895.91,46118.55,23054.27,14.21,0.00,0.00
1086,80,11482.33,230023.40,161114.45,45943.30,22965.65,13.22,0.00,0.00
1087,80,12042.65,241051.00,168733.10,48231.61,24086.29,13.95,0.00,0.00
1088,80,11428.15,227964.04,159448.13,45659.61,22856.30,14.46,0.00,0.00
1089,80,11798.46,236505.26,165724.51,47183.84,23596.92,15.00,0.00,0.00
1090,80,11465.64,228802.91,159905.07,45988.56,22909.29,14.21,0.00,0.00
1091,80,11566.46,232064.21,162544.45,46364.84,23154.92,13.70,0.00,0.00
1092,80,11376.27,227191.34,158959.74,45493.06,22738.53,14.21,0.00,0.00
1093,80,11628.82,232706.37,163125.48,46308.26,23272.64,14.21,1.00,0.00
1094,80,12212.39,244244.81,170968.47,48851.56,24424.78,13.22,0.00,0.00
1095,80,11698.65,233960.10,163786.17,46776.62,23397.31,14.46,0.00,0.00
1096,80,11770.73,235377.68,164712.29,47123.93,23541.47,13.22,0.00,0.00
1097,80,11884.61,237726.28,166462.60,47494.45,23769.23,13.70,0.00,0.00
1098,80,11859.71,237266.11,166049.88,47495.83,23720.41,13.70,1.00,0.00
1099,80,11524.84,230482.78,161375.75,46055.36,23051.68,13.70,2.00,0.00
1100,80,11888.14,237755.72,166428.90,47550.54,23776.27,15.83,0.00,0.00
1101,80,11766.08,235357.59,164744.11,47080.32,23533.16,13.46,1.00,0.00
1102,80,11414.09,228263.86,159797.30,45638.37,22828.19,14.73,0.00,0.00
1103,80,12409.78,247958.53,173440.88,49699.11,24818.55,13.95,0.00,0.00
1104,80,12009.84,240481.73,168433.71,48027.34,24020.67,13.95,0.00,0.00
1105,80,11266.81,225343.21,157735.35,45074.24,22533.62,14.73,0.00,0.00
1106,80,11681.71,233063.28,163013.02,46693.84,23356.42,15.00,0.00,0.00
1107,80,11088.82,222016.30,155441.41,44390.26,22184.63,14.73,1.00,0.00
1108,80,11948.69,239289.87,167572.71,47818.77,23898.39,13.46,0.00,0.00
1109,80,12889.14,257659.85,180270.00,51611.57,25778.29,13.22,0.00,0.00
1110,80,12087.20,241627.95,169236.73,48216.82,24174.39,13.46,0.00,0.00
1111,80,12032.64,240650.76,168435.92,48149.56,24065.28,14.73,0.00,0.00
1112,80,11920.75,237762.07,166261.56,47660.00,23840.50,14.46,1.00,0.00
1113,80,11907.75,238927.05,167377.53,47732.01,23817.51,17.95,0.00,0.00
1114,80,11874.81,237638.29,166474.42,47413.24,23750.63,13.46,1.00,0.00
1115,80,1599.98,31813.63,22171.74,6441.93,3199.96,231.53,0.00,0.00
1116,80,1018.35,20330.98,14212.88,4081.40,2036.70,390.30,0.00,0.00
1117,80,11232.16,224890.05,157522.10,44903.64,22464.31,16.71,0.00,0.00
1118,80,10737.42,214018.56,149636.05,42907.68,21474.83,17.32,0.00,0.00
1119,80,12824.43,257275.77,180244.18,51381.73,25649.86,15.27,1.00,0.00
1120,80,11709.84,234120.71,163937.70,46763.34,23419.67,13.70,0.00,0.00
1121,80,11871.78,237212.55,165975.89,47493.10,23743.55,14.73,0.00,0.00
1122,80,12150.08,242577.58,169674.10,48612.32,24291.16,13.22,0.00,0.00
1123,80,12605.59,252557.70,176872.17,50465.35,25220.18,13.70,0.00,0.00
1124,80,11780.70,235718.07,164972.85,47183.81,23561.41,13.70,0.00,0.00
1125,80,2417.69,48529.88,34062.75,9631.76,4835.38,211.60,0.00,0.00
1126,80,4086.70,81705.10,57217.87,16313.82,8173.41,144.97,0.00,0.00
1127,80,11595.33,231888.50,162348.55,46348.30,23191.65,14.73,1.00,0.00
1128,80,12404.29,247731.82,173254.10,49677.15,24800.58,13.70,0.00,0.00
1129,80,11373.27,227810.45,159631.83,45424.07,22754.54,14.21,0.00,0.00
1130,80,12588.82,251797.34,176243.44,50376.27,25177.63,12.98,0.00,0.00
1131,80,12430.59,248446.83,173884.28,49701.37,24861.18,14.21,0.00,0.00
1132,80,12268.67,245425.47,171778.43,49109.70,24537.35,14.46,0.00,0.00
1133,80,12126.68,242427.51,169658.46,48524.70,24244.35,13.95,0.00,0.00
1134,80,12383.44,247762.88,173404.22,49585.77,24772.89,13.70,0.00,0.00
1135,80,11781.67,235560.39,164809.38,47184.67,23566.34,13.22,0.00,0.00
1136,80,12811.94,256184.77,179447.12,51115.77,25621.88,13.46,0.00,0.00
1137,80,11809.50,236423.02,165593.04,47208.98,23621.00,13.22,0.00,0.00
1138,80,12520.96,250434.26,175291.48,50100.85,25041.93,14.21,0.00,0.00
1139,80,12403.05,248131.04,173562.75,49762.19,24806.10,13.46,0.00,0.00
1140,80,12533.58,250579.48,175552.07,49960.26,25067.15,13.70,0.00,0.00
1141,80,12403.70,247556.12,173117.94,49630.78,24807.39,13.22,0.00,0.00
1142,80,11592.07,232135.45,162583.01,46368.29,23184.14,14.73,0.00,0.00
1143,80,11842.16,237059.24,166030.30,47344.62,23684.32,15.00,0.00,0.00
1144,80,11105.49,221806.77,155172.85,44422.95,22210.98,13.46,0.00,0.00
1145,80,12264.25,245613.07,171994.54,49090.02,24528.51,13.46,0.00,0.00
1146,80,12175.23,243184.76,170134.38,48699.92,24350.46,13.70,0.00,0.00
1147,80,12056.00,241476.17,169112.15,48252.01,24112.00,13.95,0.00,0.00
1148,80,12064.35,241156.98,168710.89,48317.39,24128.70,13.95,0.00,0.00
1149,80,13100.06,261759.23,183214.86,52348.25,26196.12,13.22,0.00,0.00
1150,80,12039.52,240895.33,168647.23,48165.07,24083.03,15.00,0.00,0.00
1151,80,11712.39,234588.72,164255.40,46908.54,23424.77,15.55,0.00,0.00
1152,80,12643.28,252739.59,177005.93,50447.10,25286.56,13.22,0.00,0.00
1153,80,12232.47,244538.39,171101.58,48971.87,24464.94,14.21,0.00,0.00
1154,80,12611.82,251596.37,175964.47,50408.27,25223.63,13.70,0.00,0.00
1155,80,12197.09,244280.70,171098.18,48789.35,24393.18,13.70,0.00,0.00
1156,80,12047.94,241446.97,169086.30,48263.79,24096.88,14.21,0.00,0.00
1157,80,12459.52,249005.48,174245.34,49841.10,24919.05,13.70,0.00,0.00
1158,80,12069.67,241072.47,168721.43,48213.69,24137.34,13.95,0.00,0.00
1159,80,11671.12,233599.42,163554.69,46701.49,23343.24,15.55,0.00,0.00
1160,80,12259.29,245417.90,171736.13,49162.19,24519.59,12.98,0.00,0.00
1161,80,12591.77,251634.36,176198.75,50252.07,25183.54,15.00,0.00,0.00
1162,80,12531.93,250881.61,175724.04,50092.71,25064.86,13.22,1.00,0.00
1163,80,12803.72,256059.41,179214.09,51237.88,25607.44,13.22,0.00,0.00
1164,80,11877.20,237567.10,166318.87,47493.82,23754.41,15.55,0.00,0.00
1165,80,12998.93,259334.56,181344.01,51992.70,25997.85,13.22,0.00,0.00
1166,80,12327.73,246992.41,172972.05,49365.90,24654.46,14.21,0.00,0.00
1167,80,12293.26,246056.36,172362.81,49106.02,24587.53,13.46,0.00,0.00
1168,80,12729.82,254369.46,177917.56,50992.26,25459.64,13.95,0.00,0.00
1169,80,13034.93,260959.67,182789.09,52100.72,26069.86,13.46,0.00,0.00
1170,80,2484.37,49745.48,34781.23,9995.50,4968.75,215.44,0.00,0.00
1171,80,2696.50,53861.91,37639.95,10828.97,5392.99,183.21,0.00,0.00
1172,80,12614.47,252272.41,176713.60,50329.87,25228.94,13.46,0.00,0.00
1173,80,12457.67,249244.48,174368.45,49959.68,24916.35,13.95,1.00,0.00
1174,80,13110.26,262140.14,183596.59,52323.03,26220.51,13.70,0.00,0.00
1175,80,2405.81,48198.15,33681.28,9705.25,4811.61,240.02,0.00,0.00
1176,80,3227.22,64303.46,45015.12,12833.90,6454.44,183.21,0.00,0.00
1177,80,12499.64,250173.78,175160.94,50013.55,24999.28,13.70,0.00,0.00
1178,80,12799.72,255173.93,178363.60,51225.88,25584.46,13.95,0.00,0.00
1179,80,13298.18,266229.72,186410.62,53211.73,26607.37,13.95,0.00,0.00
1180,80,12224.56,245019.28,171737.94,48828.22,24453.12,13.95,0.00,0.00
1181,80,12645.10,252845.10,176933.49,50621.40,25290.21,13.70,0.00,0.00
1182,80,12012.25,240326.11,168272.59,48029.01,24024.51,14.46,0.00,0.00
1183,80,12913.07,258297.48,180797.04,51673.29,25827.15,12.52,1.00,0.00
1184,80,12826.05,256278.91,179340.48,51287.32,25651.10,12.75,0.00,0.00
1185,80,2475.33,49821.24,34882.53,9987.04,4951.66,235.74,0.00,0.00
1186,80,2736.31,54644.22,38308.34,10863.26,5472.62,211.60,0.00,0.00
1187,80,11554.71,231047.21,161765.94,46171.84,23109.42,15.55,0.00,0.00
1188,80,12974.38,259617.64,181551.40,52117.47,25948.77,13.70,0.00,0.00
1189,80,13123.94,261557.72,183035.09,52274.74,26247.89,12.75,0.00,0.00
1190,80,12612.31,252881.06,177120.23,50539.22,25221.62,13.46,0.00,0.00
1191,80,13035.74,260511.85,182341.39,52095.97,26074.49,13.46,0.00,0.00
1192,80,13018.62,260752.42,182675.73,52038.46,26038.23,13.46,1.00,0.00
1193,80,12852.64,257058.89,179937.02,51416.58,25705.29,13.22,0.00,0.00
1194,80,12264.73,245328.58,171706.21,49092.91,24529.46,13.46,0.00,0.00
1195,80,12632.24,251971.01,176220.54,50486.98,25263.49,14.73,0.00,0.00
1196,80,12616.53,252969.84,177262.64,50473.13,25234.07,12.98,0.00,0.00
1197,80,12720.74,254498.79,177985.37,51071.94,25441.48,13.22,0.00,0.00
1198,80,12981.12,259567.32,181750.63,51854.46,25962.23,13.22,0.00,0.00
1199,80,12923.72,258319.44,180811.11,51661.89,25846.44,12.75,0.00,0.00
1200,80,13152.51,263227.37,184346.29,52575.04,26306.03,13.70,0.00,0.00
1201,80,13341.12,266573.40,186534.69,53356.48,26682.24,13.46,1.00,0.00
1202,80,12691.46,254109.09,177810.38,50915.79,25382.92,13.95,0.00,0.00
1203,80,13073.38,261445.69,183152.42,52145.50,26147.77,13.95,0.00,0.00
1204,80,12246.54,245024.87,171353.60,49181.18,24490.09,13.46,0.00,0.00
1205,80,12752.23,254854.54,178558.15,50788.95,25507.45,13.95,0.00,0.00
1206,80,12236.32,244779.49,171379.55,48927.29,24472.65,14.73,0.00,0.00
1207,80,13415.89,268314.80,187822.46,53660.56,26831.78,12.75,0.00,0.00
1208,80,12568.50,251085.96,175620.00,50335.97,25129.99,13.70,0.00,0.00
1209,80,12058.12,241278.39,168867.67,48287.48,24123.24,13.95,0.00,0.00
1210,80,13117.29,262362.84,183680.09,52447.17,26235.58,13.46,1.00,0.00
1211,80,12872.57,257568.50,180334.05,51489.30,25745.15,13.46,0.00,0.00
1212,80,12162.30,243320.94,170415.18,48581.17,24324.59,13.95,0.00,0.00
1213,80,13060.64,261186.72,182848.90,52216.55,26121.27,13.46,0.00,0.00
1214,80,13115.96,262408.18,183560.43,52615.84,26231.92,12.75,0.00,0.00
1215,80,12346.11,246890.21,172806.55,49390.44,24693.22,14.21,1.00,0.00
1216,80,14143.93,282848.61,198129.04,56431.70,28287.86,12.98,0.00,0.00
1217,80,12660.98,253217.68,177255.77,50639.94,25321.97,13.95,0.00,0.00
1218,80,13406.29,267853.93,187346.21,53695.14,26812.58,13.22,0.00,0.00
1219,80,12673.84,253271.77,177288.74,50635.35,25347.68,13.95,0.00,0.00
1220,80,12778.95,255393.96,178716.27,51122.79,25554.90,13.95,0.00,0.00
1221,80,12631.80,253318.23,177521.41,50530.22,25266.61,13.70,0.00,0.00
1222,80,13548.71,270686.29,189347.01,54241.86,27097.43,13.22,0.00,0.00
1223,80,13124.24,262709.89,183887.42,52572.98,26249.49,12.75,1.00,0.00
1224,80,12669.80,253581.90,177490.13,50752.17,25339.59,13.70,0.00,0.00
1225,80,13407.94,267772.85,187526.20,53430.76,26815.89,13.46,0.00,0.00
1226,80,12943.54,259152.86,181449.61,51816.17,25887.08,13.70,0.00,0.00
1227,80,13341.27,266044.54,186054.89,53307.10,26682.55,13.95,0.00,0.00
1228,80,13275.45,266134.84,186418.15,53166.79,26549.91,13.22,0.00,0.00
1229,80,13647.85,272894.95,191017.86,54580.39,27296.70,13.22,0.00,0.00
1230,80,13261.22,265383.37,185875.09,52987.85,26520.43,13.22,0.00,0.00
1231,80,12860.97,257243.39,180081.58,51437.88,25723.94,12.98,0.00,0.00
1232,80,12906.20,257984.99,180477.82,51695.78,25811.40,13.22,0.00,0.00
1233,80,13596.41,272081.16,190558.73,54328.62,27193.81,12.98,0.00,0.00
1234,80,12994.39,259933.77,181831.46,52113.54,25988.78,12.75,0.00,0.00
1235,80,1732.82,34458.31,24146.43,6846.24,3465.64,235.74,0.00,0.00
1236,80,1035.92,20755.40,14548.88,4134.68,2071.84,390.30,0.00,0.00
1237,80,10788.40,216088.84,151136.56,43375.49,21576.80,15.27,0.00,0.00
1238,80,13080.90,261199.89,182928.54,52108.56,26162.80,13.70,1.00,0.00
1239,80,13337.17,266751.32,186710.32,53366.66,26674.33,13.46,0.00,0.00
1240,80,13395.94,268293.85,187843.19,53657.77,26792.88,12.75,1.00,0.00
1241,80,13507.83,269826.68,188931.67,53879.34,27015.66,13.70,0.00,0.00
1242,80,13868.38,277388.70,194031.38,55623.55,27733.77,13.22,0.00,0.00
1243,80,13387.80,267805.08,187570.21,53456.26,26778.61,13.22,0.00,0.00
1244,80,13267.71,265267.19,185595.91,53135.86,26535.42,13.46,0.00,0.00
1245,80,2553.09,51355.90,36058.38,10191.35,5106.18,215.44,0.00,0.00
1246,80,4397.22,87304.59,61022.25,17489.91,8792.43,155.80,0.00,0.00
1247,80,13334.38,267031.60,186846.32,53514.51,26670.76,12.75,0.00,0.00
1248,80,13750.15,275004.93,192587.06,54920.57,27497.29,13.22,0.00,0.00
1249,80,12994.25,260106.88,182208.39,51907.00,25991.49,12.98,0.00,0.00
1250,80,13257.67,265060.40,185537.38,53007.68,26515.34,13.95,0.00,0.00
1251,80,13461.64,269112.77,188292.97,53898.53,26921.27,13.46,1.00,0.00
1252,80,13123.22,262665.53,183979.20,52436.88,26249.45,13.22,0.00,0.00
1253,80,13431.88,268476.69,187861.40,53755.53,26859.77,13.46,0.00,0.00
1254,80,12476.02,248933.23,174094.14,49893.06,24946.03,12.98,0.00,0.00
1255,80,13775.36,275748.25,193107.08,55081.44,27559.72,13.22,0.00,0.00
1256,80,12249.48,245516.66,171991.77,49024.93,24499.96,13.46,0.00,0.00
1257,80,12739.96,254554.33,178124.55,50949.85,25479.93,13.95,0.00,0.00
1258,80,13859.42,277113.37,193938.85,55457.68,27716.84,12.52,0.00,0.00
1259,80,11283.91,226016.28,158306.80,45139.65,22569.83,13.70,0.00,0.00
1260,80,13607.00,271954.05,190275.04,54465.00,27214.00,12.98,0.00,0.00
1261,80,12996.55,259321.98,181382.71,51952.19,25987.09,13.22,0.00,0.00
1262,80,13638.62,273126.48,191306.73,54538.50,27281.25,12.75,0.00,0.00
1263,80,13183.35,263898.07,184780.96,52749.41,26367.71,13.70,0.00,0.00
1264,80,13222.57,264463.39,185169.96,52847.29,26446.14,13.46,0.00,0.00
1265,80,13188.39,263940.84,184795.50,52768.56,26376.78,13.22,0.00,0.00
1266,80,13214.71,264029.21,184712.96,52886.83,26429.42,13.46,0.00,0.00
1267,80,13458.97,269446.53,188718.69,53809.89,26917.95,13.22,0.00,0.00
1268,80,13167.32,263273.39,184242.49,52695.27,26335.64,13.46,1.00,0.00
1269,80,14063.51,281250.13,196890.09,56233.02,28127.01,13.22,0.00,0.00
1270,80,13132.08,262542.70,183739.20,52540.33,26263.17,13.22,0.00,0.00
1271,80,12774.40,255146.02,178527.62,51068.60,25549.80,13.95,0.00,0.00
1272,80,12286.30,246161.10,172437.29,49151.20,24572.60,13.70,0.00,0.00
1273,80,12490.82,249933.50,174979.55,49972.30,24981.65,14.73,0.00,0.00
1274,80,13509.11,269963.19,188894.55,54051.42,27017.21,12.75,0.00,0.00
1275,80,13584.55,271823.92,190285.64,54366.18,27172.09,13.70,2.00,0.00
1276,80,12942.01,259011.31,181309.22,51818.06,25884.03,13.70,0.00,0.00
1277,80,13128.70,262603.99,183839.80,52506.80,26257.40,13.70,0.00,0.00
1278,80,12986.55,259634.97,181590.70,52070.18,25974.10,13.22,1.00,0.00
1279,80,13248.36,264396.22,185122.05,52778.45,26495.72,13.46,0.00,0.00
1280,80,12697.51,254154.16,177953.11,50806.03,25395.01,13.22,0.00,0.00
1281,80,12886.89,257974.79,180662.46,51538.56,25773.78,13.46,0.00,0.00
1282,80,12495.84,250304.82,175097.76,50214.39,24992.68,14.21,0.00,0.00
1283,80,12569.26,251445.26,175969.68,50337.05,25138.53,13.95,0.00,0.00
1284,80,13574.73,271037.60,189854.23,54034.91,27148.46,13.22,0.00,0.00
1285,80,13360.60,267357.99,187219.39,53416.40,26722.20,13.46,0.00,0.00
1286,80,12932.79,258595.72,180922.03,51808.12,25865.57,13.70,0.00,0.00
1287,80,13209.68,263979.65,184814.56,52745.72,26419.37,12.75,0.00,0.00
1288,80,12764.25,255578.02,178978.52,51071.00,25528.50,14.21,0.00,0.00
1289,80,13036.54,260737.71,182449.50,52215.14,26073.07,12.98,0.00,0.00
1290,80,13060.78,260661.65,182377.97,52173.12,26110.56,13.70,0.00,0.00
1291,80,13002.04,260554.88,182439.62,52104.18,26011.09,13.70,0.00,0.00
1292,80,13317.97,266391.34,186532.55,53218.86,26639.93,13.46,0.00,0.00
1293,80,13587.94,271427.83,189938.19,54313.76,27175.88,13.46,0.00,0.00
1294,80,13402.38,268293.70,187869.40,53619.54,26804.77,13.70,0.00,0.00
1295,80,1848.01,36904.21,25779.15,7429.04,3696.02,227.40,0.00,0.00
1296,80,1018.27,20528.39,14426.79,4065.07,2036.53,344.08,0.00,0.00
1297,80,12051.28,240611.77,168356.06,48152.15,24103.57,15.27,1.00,0.00
1298,80,13663.49,273527.79,191533.82,54666.97,27326.99,13.70,0.00,0.00
1299,80,13095.29,262012.88,183456.13,52366.16,26190.58,13.46,0.00,0.00
1300,80,13111.93,262289.53,183597.97,52467.71,26223.85,12.75,0.00,0.00
1301,80,12470.09,249346.86,174516.31,49890.37,24940.19,13.70,0.00,0.00
1302,80,13223.50,264304.91,184992.94,52864.98,26446.99,13.22,0.00,0.00
