sysbench 1.0.20 (using bundled LuaJIT 2.1.0-beta2)

Running the test with following options:
Number of threads: 150
Report intermediate results every 1 second(s)
Initializing random number generator from current time


Initializing worker threads...

Threads started!

1,150,843.42,18586.13,13247.15,3502.43,1836.55,240.02,0.00,0.00
2,150,996.26,19991.17,14029.63,3969.03,1992.52,215.44,0.00,0.00
3,150,801.00,16444.97,11522.98,3319.99,1602.00,314.45,0.00,0.00
4,150,1196.00,23838.05,16784.03,4662.01,2392.00,186.54,0.00,0.00
5,150,1045.99,20883.88,14617.91,4173.98,2091.99,287.38,0.00,0.00
6,150,1044.96,21120.21,14668.45,4361.84,2089.92,248.83,0.00,0.00
7,150,1131.02,22242.45,15569.32,4411.09,2262.05,231.53,0.00,0.00
8,150,1114.00,22227.92,15549.94,4449.98,2227.99,227.40,0.00,0.00
9,150,1142.01,22964.24,16126.17,4554.05,2284.02,223.34,0.00,0.00
10,150,1242.99,24349.78,16884.84,4978.95,2485.98,189.93,0.00,0.00
11,150,880.02,18365.34,12990.24,3615.07,1760.03,277.21,0.00,0.00
12,150,1086.01,21527.27,15044.19,4311.05,2172.03,215.44,0.00,0.00
13,150,1301.98,26040.55,18251.68,5184.91,2603.96,204.11,0.00,0.00
14,150,1347.02,27100.35,18982.25,5423.07,2695.04,179.94,1.00,0.00
15,150,1498.99,29568.83,20688.88,5881.97,2997.98,183.21,0.00,0.00
16,150,1497.00,29841.07,20871.05,5976.01,2994.01,150.29,0.00,0.00
17,150,1431.99,28681.86,20088.91,5728.97,2863.99,161.51,0.00,0.00
18,150,1399.00,28422.98,19894.98,5730.00,2798.00,155.80,0.00,0.00
19,150,1352.97,26612.48,18549.64,5356.90,2705.95,176.73,0.00,0.00
20,150,1186.02,23859.33,16734.23,4753.06,2372.03,211.60,0.00,0.00
21,150,1467.02,28958.30,20210.21,5814.06,2934.03,173.58,0.00,0.00
22,150,1550.00,31630.07,22189.05,6341.01,3100.01,147.61,0.00,0.00
23,150,1625.00,32429.03,22755.02,6424.01,3250.00,144.97,0.00,0.00
24,150,1713.00,33937.97,23762.98,6748.99,3426.00,137.35,0.00,0.00
25,150,1748.00,34641.02,24158.02,6987.00,3496.00,137.35,0.00,0.00
26,150,1583.00,32046.97,22464.98,6415.99,3166.00,142.39,0.00,0.00
27,150,1486.97,30337.31,21293.51,6069.86,2973.93,155.80,0.00,0.00
28,150,1444.03,28776.55,20084.39,5804.11,2888.06,173.58,0.00,0.00
29,150,1781.98,35255.63,24665.74,7025.93,3563.96,130.13,0.00,0.00
30,150,1890.03,38300.57,26857.40,7663.11,3780.06,121.08,0.00,0.00
31,150,1976.94,39399.85,27574.19,7871.77,3953.88,116.80,0.00,0.00
32,150,1905.04,37909.76,26536.53,7563.15,3810.08,123.28,0.00,0.00
33,150,1942.97,38541.42,26945.59,7709.88,3885.94,123.28,0.00,0.00
34,150,1844.04,37659.90,26307.63,7664.18,3688.09,125.52,0.00,0.00
35,150,1352.00,26687.06,18774.04,5209.01,2704.01,179.94,0.00,0.00
36,150,1480.94,29840.81,20829.17,6049.76,2961.88,161.51,0.00,0.00
37,150,1687.03,33367.53,23437.37,6556.10,3374.05,142.39,0.00,0.00
38,150,1752.01,34979.16,24463.11,7012.03,3504.02,134.90,0.00,0.00
39,150,1483.01,30130.22,21085.15,6079.04,2966.02,193.38,0.00,0.00
40,150,1810.02,36308.32,25382.23,7306.07,3620.03,134.90,0.00,0.00
41,150,1843.71,36218.28,25336.00,7194.86,3687.42,127.81,0.00,0.00
42,150,1751.28,35118.58,24597.91,7018.11,3502.56,132.49,0.00,0.00
43,150,1640.00,32941.05,23076.04,6585.01,3280.01,144.97,0.00,0.00
44,150,1653.97,33163.42,23236.60,6618.88,3307.94,137.35,0.00,0.00
45,150,1712.01,33662.16,23553.11,6685.03,3424.02,150.29,0.00,0.00
46,150,1779.00,36017.05,25251.03,7208.01,3558.00,132.49,0.00,0.00
47,150,1861.06,36973.21,25810.85,7440.24,3722.12,123.28,0.00,0.00
48,150,2043.86,41282.16,28922.01,8272.43,4087.72,116.80,0.00,0.00
49,150,2068.03,41180.68,28853.48,8191.14,4136.07,116.80,0.00,0.00
50,150,2011.06,40095.17,28050.82,8022.23,4022.12,116.80,0.00,0.00
51,150,1921.98,38785.64,27133.75,7807.93,3843.96,123.28,0.00,0.00
52,150,1970.01,38762.20,27134.14,7688.04,3940.02,125.52,0.00,0.00
53,150,1820.00,36309.09,25390.07,7279.02,3640.01,134.90,0.00,0.00
54,150,1796.93,36301.55,25457.98,7249.71,3593.86,130.13,0.00,0.00
55,150,2025.08,40528.56,28342.09,8136.31,4050.16,116.80,0.00,0.00
56,150,2172.83,43355.60,30266.63,8743.31,4345.66,110.66,0.00,0.00
57,150,2111.19,42973.93,30110.75,8640.79,4222.39,108.68,0.00,0.00
58,150,2065.93,40665.64,28524.05,8009.73,4131.86,118.92,0.00,0.00
59,150,2078.04,41009.73,28694.51,8168.14,4147.07,116.80,0.00,0.00
60,150,1883.01,38813.30,27170.21,7868.06,3775.03,123.28,0.00,0.00
61,150,2027.98,39985.51,27988.66,7940.90,4055.95,121.08,0.00,0.00
62,150,1933.97,38556.38,27003.57,7684.88,3867.94,132.49,0.00,0.00
63,150,1910.12,37636.45,26257.71,7558.49,3820.25,139.85,0.00,0.00
64,150,2048.91,41765.25,29352.77,8314.65,4097.83,112.67,0.00,0.00
65,150,2283.97,45343.39,31724.57,9050.88,4567.94,102.97,0.00,0.00
66,150,2266.04,45585.72,31896.50,9157.14,4532.07,99.33,0.00,0.00
67,150,2414.97,48768.48,34133.64,9804.90,4829.95,94.10,0.00,0.00
68,150,2343.98,46609.59,32664.71,9256.92,4687.96,99.33,0.00,0.00
69,150,2367.05,47290.08,33031.75,9524.22,4734.11,99.33,0.00,0.00
70,150,2295.98,45351.51,31786.66,8972.90,4591.95,106.75,0.00,0.00
71,150,2109.01,42453.25,29689.18,8546.05,4218.03,112.67,0.00,0.00
72,150,2209.87,44030.47,30833.23,8777.49,4419.75,110.66,0.00,0.00
73,150,2023.12,41170.48,28816.74,8307.50,4046.24,118.92,0.00,0.00
74,150,2382.00,47131.96,32977.97,9389.99,4764.00,102.97,0.00,0.00
75,150,2407.98,48172.57,33714.70,9641.91,4815.96,97.55,0.00,0.00
76,150,2434.02,48612.33,34033.23,9711.07,4868.03,97.55,0.00,0.00
77,150,2397.92,48368.31,33867.82,9704.66,4795.83,94.10,0.00,0.00
78,150,2616.16,52360.24,36644.27,10483.65,5232.32,92.42,0.00,0.00
79,150,2543.04,50409.70,35318.49,10005.14,5086.07,92.42,0.00,0.00
80,150,2381.96,47621.25,33327.48,9529.85,4763.93,108.68,0.00,0.00
81,150,2537.94,50675.85,35451.20,10148.77,5075.89,92.42,0.00,0.00
82,150,2345.78,47166.57,33016.90,9458.11,4691.56,104.84,0.00,0.00
83,150,2341.29,46698.81,32701.07,9315.16,4682.58,106.75,0.00,0.00
84,150,2485.03,49726.65,34807.46,9949.13,4970.07,94.10,0.00,0.00
85,150,2660.99,52951.83,36999.88,10629.97,5321.98,89.16,0.00,0.00
86,150,2691.91,54191.23,38043.76,10763.65,5383.82,90.78,0.00,0.00
87,150,2628.92,52978.45,37039.91,10680.69,5257.85,89.16,0.00,0.00
88,150,2762.15,54743.99,38286.09,10933.60,5524.30,87.56,0.00,0.00
89,150,2716.97,54274.35,38032.54,10807.87,5433.93,87.56,0.00,0.00
90,150,2769.04,55447.73,38791.51,11118.15,5538.07,86.00,0.00,0.00
91,150,2771.95,55383.98,38786.28,11053.80,5543.90,86.00,0.00,0.00
92,150,2464.78,49617.61,34759.93,9928.12,4929.56,102.97,0.00,0.00
93,150,2364.23,46950.66,32833.26,9388.93,4728.47,102.97,0.00,0.00
94,150,2367.00,47490.95,33285.97,9470.99,4734.00,102.97,0.00,0.00
95,150,2372.02,47695.47,33382.33,9569.09,4744.05,101.13,0.00,0.00
96,150,2682.01,53463.22,37395.15,10704.04,5364.02,92.42,0.00,0.00
97,150,2857.97,57501.45,40241.62,11543.89,5715.95,80.03,0.00,0.00
98,150,2806.00,55944.10,39216.07,11116.02,5612.01,84.47,0.00,0.00
99,150,2237.46,44538.13,31250.40,8812.81,4474.92,147.61,0.00,0.00
100,150,2214.53,43916.77,30589.57,8898.13,4429.07,204.11,0.00,0.00
101,150,2724.02,54575.43,38234.30,10893.09,5448.04,95.81,0.00,0.00
102,150,2802.00,56702.91,39698.94,11399.98,5603.99,92.42,0.00,0.00
103,150,2806.85,55880.02,39142.91,11123.41,5613.70,95.81,0.00,0.00
104,150,2774.20,55328.98,38719.78,11060.79,5548.40,94.10,0.00,0.00
105,150,2737.95,55084.04,38678.32,10929.81,5475.90,95.81,0.00,0.00
106,150,3041.97,60494.42,42183.60,12226.88,6083.94,94.10,0.00,0.00
107,150,2593.03,52145.64,36513.45,10446.13,5186.06,95.81,0.00,0.00
108,150,3029.99,60142.88,42093.92,11988.98,6059.99,97.55,0.00,0.00
109,150,2826.95,57163.05,39978.33,11530.81,5653.91,86.00,0.00,0.00
110,150,3125.03,62127.64,43523.45,12354.13,6250.06,80.03,0.00,0.00
111,150,2969.95,59633.00,41742.30,11950.80,5939.90,81.48,0.00,0.00
112,150,3027.94,60781.79,42580.15,12145.76,6055.88,78.60,0.00,0.00
113,150,3096.12,61514.39,43071.67,12250.48,6192.24,78.60,0.00,0.00
114,150,3244.99,64807.89,45287.92,13029.98,6489.99,73.13,0.00,0.00
115,150,3139.01,62539.13,43802.09,12459.03,6278.01,78.60,0.00,0.00
116,150,3068.91,61829.17,43296.72,12394.63,6137.82,78.60,0.00,0.00
117,150,3011.99,59973.84,41996.89,11952.97,6023.98,84.47,0.00,0.00
118,150,3032.11,60787.20,42540.54,12182.44,6064.22,81.48,0.00,0.00
119,150,2949.01,59122.19,41360.13,11864.04,5898.02,84.47,0.00,0.00
120,150,3018.87,60816.46,42566.22,12212.49,6037.75,81.48,0.00,0.00
121,150,3170.09,62953.86,44117.31,12496.37,6340.19,80.03,0.00,0.00
122,150,2982.89,59602.76,41705.43,11931.55,5965.78,84.47,0.00,0.00
123,150,3177.02,63265.49,44315.34,12596.10,6354.05,84.47,0.00,0.00
124,150,3224.10,64168.02,44820.41,12899.41,6448.20,74.46,0.00,0.00
125,150,3269.95,66119.90,46314.23,13265.78,6539.89,73.13,0.00,0.00
126,150,3337.94,66762.76,46747.13,13339.75,6675.88,74.46,0.00,0.00
127,150,3265.05,65238.00,45701.70,13006.20,6530.10,73.13,0.00,0.00
128,150,3119.07,61691.48,43150.03,12303.29,6238.15,77.19,0.00,0.00
129,150,3222.93,64829.62,45417.04,12966.72,6445.86,73.13,0.00,0.00
130,150,3317.02,66731.47,46685.33,13412.10,6634.05,70.55,0.00,0.00
131,150,3351.05,66882.98,46844.68,13336.21,6702.09,73.13,0.00,0.00
132,150,3256.86,65195.21,45632.04,13049.44,6513.72,74.46,0.00,0.00
133,150,3446.00,68635.93,48023.95,13719.99,6891.99,68.05,0.00,0.00
134,150,3408.98,67978.55,47581.68,13578.91,6817.95,71.83,0.00,0.00
135,150,3207.03,64689.69,45285.48,12990.14,6414.07,74.46,0.00,0.00
136,150,3306.98,65711.61,46019.72,13077.92,6613.96,71.83,0.00,0.00
137,150,3304.99,66391.77,46475.84,13305.95,6609.98,74.46,0.00,0.00
138,150,3143.88,63152.60,44199.32,12665.52,6287.76,80.03,0.00,0.00
139,150,3442.16,68774.12,48114.18,13775.63,6884.31,73.13,0.00,0.00
140,150,3631.85,72035.10,50453.97,14317.42,7263.71,68.05,0.00,0.00
141,150,3488.41,70114.13,49121.68,14015.63,6976.82,66.84,0.00,0.00
142,150,3793.26,76037.29,53221.70,15229.06,7586.53,63.32,0.00,0.00
143,150,3451.41,68534.16,47914.71,13716.63,6902.82,73.13,0.00,0.00
144,150,3505.05,70552.08,49417.76,14124.22,7010.11,69.29,0.00,0.00
145,150,3463.87,69418.33,48585.13,13905.46,6927.73,70.55,0.00,0.00
146,150,3711.97,73828.38,51674.56,14729.88,7423.94,65.65,0.00,0.00
147,150,3746.13,75201.66,52616.86,15092.53,7492.26,63.32,0.00,0.00
148,150,3790.06,75474.29,52846.90,15047.26,7580.13,64.47,0.00,0.00
149,150,3856.46,77279.22,54100.45,15465.84,7712.92,62.19,0.00,0.00
150,150,3833.50,77094.10,53896.06,15531.04,7667.00,63.32,0.00,0.00
151,150,3809.07,75890.46,53195.00,15077.32,7618.14,64.47,0.00,0.00
152,150,3956.92,79403.44,55549.90,15939.70,7913.84,61.08,0.00,0.00
153,150,3814.06,75885.21,53140.85,15116.24,7628.12,63.32,0.00,0.00
154,150,3965.85,79334.97,55522.88,15880.39,7931.70,61.08,0.00,0.00
155,150,3703.05,73813.02,51709.71,14697.20,7406.10,68.05,0.00,0.00
156,150,3818.13,76383.67,53418.91,15328.50,7636.27,65.65,0.00,0.00
157,150,3566.50,72003.28,50417.21,14453.08,7133.00,71.83,0.00,0.00
158,150,3839.24,76387.08,53422.58,15286.01,7678.49,63.32,0.00,0.00
159,150,2863.30,57068.80,40122.26,11219.94,5726.60,92.42,0.00,0.00
160,150,2392.44,48228.62,33639.12,9803.62,4785.89,257.95,1.00,0.00
161,150,3595.13,71811.58,50297.81,14323.50,7190.26,71.83,0.00,0.00
162,150,3827.97,76247.36,53364.56,15226.87,7655.94,62.19,0.00,0.00
163,150,4030.00,80862.00,56614.00,16188.00,8060.00,59.99,0.00,0.00
164,150,3993.80,80306.95,56151.17,16168.19,7987.60,62.19,0.00,0.00
165,150,3931.24,78255.76,54832.34,15560.95,7862.48,62.19,0.00,0.00
166,150,4082.94,81773.79,57243.15,16364.76,8165.88,61.08,0.00,0.00
167,150,4192.03,83810.53,58622.37,16804.11,8384.05,56.84,0.00,0.00
168,150,4117.00,82521.92,57809.95,16477.98,8233.99,58.92,0.00,0.00
169,150,4312.44,85914.88,60114.22,17175.78,8624.88,57.87,0.00,0.00
170,150,4216.75,84958.99,59431.50,17093.99,8433.50,56.84,0.00,0.00
171,150,4406.84,87719.76,61471.74,17434.33,8813.68,54.83,0.00,0.00
172,150,4217.49,84107.74,58869.82,16802.95,8434.97,54.83,0.00,0.00
173,150,4634.59,92896.83,65021.28,18606.37,9269.18,52.89,0.00,0.00
174,150,4446.04,88978.73,62271.51,17815.15,8892.07,54.83,0.00,0.00
175,150,4316.61,86007.23,60203.56,17170.45,8633.22,56.84,0.00,0.00
176,150,4296.22,85888.33,60135.03,17160.87,8592.43,57.87,0.00,0.00
177,150,4418.13,88543.63,61980.84,17726.53,8836.26,53.85,0.00,0.00
178,150,4555.28,91234.53,63852.87,18271.10,9110.55,51.94,0.00,0.00
179,150,4493.69,90159.89,63092.72,18079.78,8987.38,52.89,0.00,0.00
180,150,4483.39,89007.97,62318.58,17722.60,8966.79,53.85,0.00,0.00
181,150,4224.56,85188.27,59610.89,17128.27,8449.12,56.84,0.00,0.00
182,150,4374.03,86810.56,60817.40,17245.11,8748.06,56.84,0.00,0.00
183,150,4252.93,85340.67,59725.07,17109.73,8505.87,56.84,0.00,0.00
184,150,4634.01,92520.13,64771.09,18481.03,9268.01,52.89,0.00,0.00
185,150,4689.05,94016.00,65793.70,18844.20,9378.10,50.11,0.00,0.00
186,150,4539.03,90376.60,63262.42,18036.12,9078.06,55.82,0.00,0.00
187,150,4827.40,97005.87,67950.51,19400.57,9654.79,51.02,0.00,0.00
188,150,4869.61,97095.21,67939.54,19416.44,9739.22,50.11,0.00,0.00
189,150,4799.19,96355.84,67439.69,19317.77,9598.38,50.11,0.00,0.00
190,150,5014.80,99529.07,69641.25,19858.22,10029.60,47.47,0.00,0.00
191,150,5040.06,101422.13,71009.79,20332.23,10080.11,49.21,0.00,0.00
192,150,4967.05,99108.08,69372.75,19801.22,9934.11,49.21,0.00,0.00
193,150,4733.49,95054.80,66531.86,19055.95,9466.98,50.11,0.00,0.00
194,150,4778.54,95387.75,66807.52,19023.16,9557.07,51.02,0.00,0.00
195,150,5120.06,102141.12,71482.78,20418.22,10240.12,46.63,0.00,0.00
196,150,4942.37,98775.31,69139.12,19751.46,9884.73,50.11,0.00,0.00
197,150,5251.73,105064.52,73547.16,21013.90,10503.45,45.79,0.00,0.00
198,150,5254.71,105476.10,73858.87,21107.82,10509.41,44.98,0.00,0.00
199,150,5285.11,105339.29,73723.60,21045.46,10570.23,47.47,0.00,0.00
200,150,5507.07,110167.50,77128.05,22025.30,11014.15,43.39,0.00,0.00
201,150,5509.08,110376.56,77214.09,22144.31,11018.16,43.39,0.00,0.00
202,150,5650.94,113216.73,79283.10,22631.75,11301.88,41.85,0.00,0.00
203,150,5626.08,112249.48,78565.03,22432.29,11252.15,41.85,0.00,0.00
204,150,5561.12,111308.31,77938.61,22247.46,11122.23,43.39,0.00,0.00
205,150,5435.84,108586.70,75994.69,21720.34,10871.67,45.79,0.00,0.00
206,150,5390.88,108037.61,75630.33,21625.52,10781.76,44.17,0.00,0.00
207,150,5710.11,114135.27,79898.59,22816.45,11420.23,41.10,0.00,0.00
208,150,5739.00,114803.92,80349.95,22975.98,11477.99,41.85,0.00,0.00
209,150,5896.84,117513.82,82243.78,23476.37,11793.67,40.37,0.00,0.00
210,150,5756.13,115246.64,80677.85,23057.53,11511.26,41.10,0.00,0.00
211,150,5865.68,117410.65,82203.56,23474.73,11732.37,40.37,0.00,0.00
212,150,5806.27,116365.33,81448.73,23304.06,11612.54,41.85,0.00,0.00
213,150,6076.44,121538.74,85066.12,24319.75,12152.87,39.65,0.00,0.00
214,150,4660.96,92793.95,65090.32,18381.72,9321.91,47.47,0.00,0.00
215,150,3499.76,70443.07,49223.58,14219.97,6999.52,211.60,0.00,0.00
216,150,6062.62,120591.45,84467.71,23998.50,12125.24,38.25,0.00,0.00
217,150,5906.63,118728.67,82985.85,23929.55,11813.26,40.37,0.00,0.00
218,150,5975.01,119759.27,83855.19,23954.05,11950.03,41.10,0.00,0.00
219,150,4849.03,96878.65,67857.45,19323.13,9698.07,46.63,0.00,0.00
220,150,3231.91,64166.12,44915.68,12786.62,6463.81,219.36,0.00,0.00
221,150,5624.29,112677.84,78779.10,22659.15,11239.59,42.61,0.00,0.00
222,150,6138.80,123269.06,86348.25,24634.21,12286.60,38.94,0.00,0.00
223,150,6394.73,127402.78,89156.35,25456.96,12789.47,37.56,0.00,0.00
224,150,6333.31,126682.19,88726.34,25289.23,12666.62,39.65,0.00,0.00
225,150,6329.72,126455.36,88464.05,25331.87,12659.44,38.25,0.00,0.00
226,150,6460.27,129669.47,90783.83,25965.10,12920.55,35.59,0.00,0.00
227,150,6601.93,131496.78,92016.15,26290.76,13189.87,35.59,0.00,0.00
228,150,6491.98,130396.64,91327.75,26070.93,12997.96,36.89,0.00,0.00
229,150,6775.18,134905.69,94445.58,26909.75,13550.36,36.24,0.00,0.00
230,150,6756.97,135866.57,95076.69,27275.93,13513.95,33.12,0.00,0.00
231,150,6792.82,135284.37,94710.46,26988.28,13585.64,34.33,0.00,0.00
232,150,6584.48,131926.50,92331.65,26425.90,13168.95,36.89,0.00,0.00
233,150,6452.92,129413.34,90591.84,25915.67,12905.83,38.94,0.00,0.00
234,150,6828.43,136644.68,95637.08,27350.74,13656.87,34.33,0.00,0.00
235,150,6697.09,133800.79,93685.25,26721.36,13394.18,35.59,0.00,0.00
236,150,6964.32,139132.47,97409.53,27794.29,13928.65,34.33,0.00,0.00
237,150,7096.72,141707.38,99211.06,28302.88,14193.43,31.94,0.00,0.00
238,150,7041.08,141031.72,98713.20,28236.35,14082.17,35.59,0.00,0.00
239,150,7050.70,141103.97,98752.79,28249.79,14101.40,32.53,0.00,0.00
240,150,7137.03,142814.63,99958.44,28582.12,14274.06,33.12,0.00,0.00
241,150,7317.08,146420.63,102495.14,29291.33,14634.16,31.94,0.00,0.00
242,150,7070.25,141081.96,98785.47,28155.99,14140.50,33.12,0.00,0.00
243,150,6980.86,139830.21,97848.05,28020.44,13961.72,33.72,0.00,0.00
244,150,7441.42,148736.37,104109.86,29743.68,14882.84,31.37,0.00,0.00
245,150,7556.60,150484.83,105389.29,29982.34,15113.20,31.37,0.00,0.00
246,150,6600.63,133020.56,93029.80,26789.50,13201.26,36.89,0.00,0.00
247,150,7105.91,141582.12,99118.68,28251.63,14211.81,33.12,0.00,0.00
248,150,7301.61,146387.19,102479.53,29304.44,14603.22,32.53,0.00,0.00
249,150,7648.54,152536.81,106804.57,30435.17,15297.08,30.81,0.00,0.00
250,150,7305.93,146306.53,102393.97,29300.71,14611.85,32.53,0.00,0.00
251,150,7511.01,150371.15,105298.11,30051.03,15022.01,29.72,0.00,0.00
252,150,7643.93,152370.64,106609.06,30478.73,15282.86,31.37,0.00,0.00
253,150,7722.82,154880.52,108452.57,30977.30,15450.65,29.72,0.00,0.00
254,150,7816.82,156400.43,109486.50,31280.29,15633.64,29.19,0.00,0.00
255,150,8315.96,165258.29,115536.50,33095.86,16625.93,27.66,0.00,0.00
256,150,7754.20,156222.11,109500.90,31206.82,15514.39,30.81,0.00,0.00
257,150,7997.72,159848.48,111901.13,31951.89,15995.45,29.72,0.00,0.00
258,150,7837.99,156873.88,109790.92,31406.97,15675.99,28.67,0.00,0.00
259,150,8234.65,164213.90,114988.04,32756.57,16469.29,27.17,0.00,0.00
260,150,8271.06,165272.15,115682.81,33047.23,16542.12,27.66,0.00,0.00
261,150,8150.27,163489.33,114408.74,32780.05,16300.54,29.19,0.00,0.00
262,150,8389.35,167863.98,117466.87,33618.41,16778.70,26.20,0.00,0.00
263,150,8472.18,169527.54,118727.47,33855.71,16944.35,26.68,0.00,0.00
264,150,8588.85,171716.06,120190.94,34347.41,17177.71,26.20,0.00,0.00
265,150,8826.83,175091.84,122397.81,35056.36,17637.67,26.20,0.00,0.00
266,150,8766.98,176569.62,123783.73,35235.92,17549.96,24.83,0.00,0.00
267,150,8311.55,166547.05,116563.73,33360.21,16623.11,27.17,0.00,0.00
268,150,8117.26,162415.28,113672.69,32508.06,16234.53,27.66,0.00,0.00
269,150,9044.75,180708.07,126519.55,36099.02,18089.51,24.83,0.00,0.00
270,150,8055.42,161381.42,112907.90,32362.68,16110.84,28.16,0.00,0.00
271,150,8406.16,167760.15,117510.20,33437.64,16812.31,26.20,0.00,0.00
272,150,8863.74,177551.84,124240.39,35583.97,17727.48,25.28,0.00,0.00
273,150,8984.86,179346.14,125603.00,35773.42,17969.72,25.28,0.00,0.00
274,150,8897.63,178003.49,124554.75,35653.49,17795.25,25.74,0.00,0.00
275,150,9276.92,185835.43,130064.90,37216.69,18553.84,23.10,0.00,0.00
276,150,9472.29,189486.89,132629.12,37913.18,18944.59,23.10,0.00,0.00
277,150,9396.34,187003.99,130830.91,37394.40,18778.68,23.10,0.00,0.00
278,150,9716.42,195007.61,136628.07,38932.70,19446.84,22.69,0.00,0.00
279,150,6749.79,134210.58,94029.92,26681.07,13499.58,23.10,0.00,0.00
280,150,858.92,17603.39,12410.86,3474.68,1717.84,569.67,0.00,0.00
281,150,8031.69,159917.00,111762.87,32098.75,16055.37,27.66,0.00,0.00
282,150,9177.36,184434.48,129103.24,36967.52,18363.73,23.52,1.00,0.00
283,150,9710.64,194711.86,136247.00,39043.57,19421.29,23.10,0.00,0.00
284,150,9883.07,197063.31,137955.92,39341.26,19766.13,21.89,0.00,0.00
285,150,9873.65,197936.87,138576.00,39612.57,19748.29,21.89,1.00,0.00
286,150,9784.56,194774.13,136300.79,38904.22,19569.12,23.52,0.00,0.00
287,150,9955.36,199931.26,139980.08,40040.45,19910.72,22.28,0.00,0.00
288,150,10176.70,203538.08,142491.86,40692.82,20353.41,21.89,0.00,0.00
289,150,10246.61,205010.29,143529.60,40987.46,20493.23,21.89,0.00,0.00
290,150,10444.11,208621.29,146046.60,41686.46,20888.23,21.89,0.00,0.00
291,150,10017.29,200539.76,140370.03,40135.14,20034.58,22.28,0.00,0.00
292,150,9982.17,199331.35,139577.36,39789.65,19964.34,21.50,0.00,0.00
293,150,10425.21,208804.17,146090.94,41862.81,20850.42,20.37,0.00,0.00
294,150,9327.84,186534.81,130584.77,37294.36,18655.68,23.95,0.00,0.00
295,150,10069.07,201054.43,140668.01,40259.28,20127.14,22.28,0.00,0.00
296,150,10301.65,205974.09,144345.17,41014.61,20614.31,22.28,0.00,0.00
297,150,10182.60,204205.99,142834.40,41006.39,20365.20,20.74,0.00,0.00
298,150,10851.36,216701.11,151696.98,43301.42,21702.71,19.65,0.00,0.00
299,150,10848.77,217234.49,152080.84,43456.10,21697.55,20.37,0.00,0.00
300,150,10941.83,218876.67,153191.67,43801.34,21883.67,21.11,0.00,0.00
301,150,11189.00,223623.93,156568.95,44676.99,22377.99,19.29,0.00,0.00
302,150,10833.53,216215.54,151274.38,43274.11,21667.05,20.37,0.00,0.00
303,150,10753.77,215455.45,150883.82,43064.09,21507.54,20.74,0.00,0.00
304,150,10868.91,216472.46,151651.89,43082.75,21737.82,20.37,0.00,0.00
305,150,10827.05,217407.15,152032.76,43720.30,21654.09,20.00,0.00,0.00
306,150,11347.21,226403.26,158478.98,45240.86,22683.42,18.61,0.00,0.00
307,150,11409.39,228712.78,160141.45,45741.56,22829.77,19.29,0.00,0.00
308,150,11784.34,236012.91,165167.83,47276.38,23568.69,18.61,0.00,0.00
309,150,11323.03,226461.58,158539.41,45276.12,22646.06,18.95,0.00,0.00
310,150,11843.74,236966.85,165835.40,47443.96,23687.49,18.28,0.00,0.00
311,150,11897.09,236396.35,165479.35,47123.83,23793.18,17.95,0.00,0.00
312,150,11700.75,235351.38,164805.53,47143.36,23402.49,18.95,0.00,0.00
313,150,11555.88,230569.69,161303.39,46169.53,23096.77,18.28,0.00,0.00
314,150,11883.46,238342.26,166904.49,47655.85,23781.92,19.29,0.00,0.00
315,150,11499.22,229224.37,160584.05,45641.89,22998.43,20.74,0.00,0.00
316,150,11181.32,224403.47,156932.53,45108.30,22362.64,20.00,0.00,0.00
317,150,11473.63,228405.95,159994.03,45464.65,22947.26,19.29,0.00,0.00
318,150,11917.63,239365.90,167463.00,48067.64,23835.26,18.28,0.00,0.00
319,150,12094.37,241880.48,169348.24,48343.50,24188.75,17.32,0.00,0.00
320,150,12390.94,247878.88,173477.22,49619.77,24781.89,17.32,0.00,0.00
321,150,12961.45,258843.94,181218.26,51702.79,25922.90,16.71,0.00,0.00
322,150,12251.19,245499.71,171803.60,49193.73,24502.38,17.95,0.00,0.00
323,150,12936.43,258552.68,181004.08,51675.73,25872.87,16.41,0.00,0.00
324,150,12687.30,253832.05,177679.23,50778.21,25374.60,17.01,0.00,0.00
325,150,12469.08,248959.64,174370.15,49651.33,24938.16,17.32,0.00,0.00
326,150,12460.04,249672.72,174665.51,50087.13,24920.08,16.71,0.00,0.00
327,150,13126.03,262117.64,183474.44,52401.13,26242.07,16.71,0.00,0.00
328,150,13288.57,265902.42,186223.98,53091.29,26587.14,15.55,0.00,0.00
329,150,13321.45,266722.01,186626.30,53452.81,26642.90,16.12,0.00,0.00
330,150,13727.51,274199.21,192001.14,54743.04,27455.02,15.27,0.00,0.00
331,150,13856.66,276284.23,193382.26,55200.65,27701.32,15.27,0.00,0.00
332,150,13881.01,277992.14,194602.10,55621.02,27769.02,15.55,0.00,0.00
333,150,13517.66,270914.26,189614.28,54259.65,27040.33,15.55,0.00,0.00
334,150,13156.62,263322.50,184315.75,52693.51,26313.24,16.41,0.00,0.00
335,150,13590.33,271852.53,190281.57,54390.31,27180.65,16.71,0.00,0.00
336,150,12732.05,254593.97,178223.68,50906.19,25464.10,16.71,0.00,0.00
337,150,13487.56,269582.30,188682.91,53924.26,26975.13,16.41,0.00,0.00
338,150,13664.77,273478.47,191444.83,54704.09,27329.55,16.12,0.00,0.00
339,150,9098.08,180944.18,126815.90,35932.12,18196.16,15.55,0.00,0.00
340,150,853.69,17493.59,12328.48,3457.73,1707.37,707.07,0.00,0.00
341,150,8372.44,168076.70,117410.14,33921.68,16744.88,19.29,0.00,0.00
342,150,14335.26,286363.26,200553.69,57139.04,28670.53,14.73,0.00,0.00
343,150,14373.76,287582.26,201260.68,57573.06,28748.52,15.00,1.00,0.00
344,150,14868.36,297550.16,208261.01,59552.43,29736.72,14.21,0.00,0.00
345,150,14121.12,281983.55,197555.75,56185.55,28242.25,15.00,0.00,0.00
346,150,13730.14,274105.08,191917.13,54727.68,27460.28,16.41,0.00,0.00
347,150,14529.73,290692.75,203352.23,58281.06,29059.47,15.27,0.00,0.00
348,150,14857.34,297795.91,208436.84,59643.39,29715.69,14.46,0.00,0.00
349,150,15083.33,301881.54,211247.58,60468.30,30165.65,13.70,0.00,0.00
350,150,15164.79,303172.86,212266.11,60577.17,30329.59,14.21,0.00,0.00
351,150,14818.68,295952.61,207275.51,59040.75,29636.35,14.21,0.00,0.00
352,150,14624.63,292420.55,204696.78,58474.51,29249.26,13.70,0.00,0.00
353,150,14386.89,287949.89,201504.53,57671.58,28773.79,14.46,0.00,0.00
354,150,14233.29,284721.88,199286.11,56968.18,28467.59,14.73,0.00,0.00
355,150,14435.95,289090.10,202297.37,57920.82,28871.91,15.55,0.00,0.00
356,150,13693.83,273870.53,191704.57,54778.31,27387.65,16.12,0.00,0.00
357,150,14589.81,291228.21,203978.33,58070.27,29179.61,14.21,0.00,0.00
358,150,14440.86,288503.14,201903.99,57718.43,28880.72,14.73,0.00,0.00
359,150,14799.43,296265.53,207305.99,59359.69,29599.86,13.70,0.00,0.00
360,150,15097.18,302261.52,211638.46,60429.70,30193.35,13.95,0.00,0.00
361,150,15250.10,304777.04,213405.43,60870.41,30501.20,13.70,0.00,0.00
362,150,15264.03,304653.57,213083.37,61044.13,30526.06,13.46,0.00,0.00
363,150,15096.83,303025.67,212196.67,60633.34,30195.66,13.46,0.00,0.00
364,150,15150.01,303121.14,212154.10,60667.03,30300.01,13.95,0.00,0.00
365,150,6888.32,137180.42,96439.51,26964.26,13776.64,66.84,0.00,0.00
366,150,4799.30,96002.07,67064.24,19338.22,9599.61,80.03,1.00,0.00
367,150,4849.31,97112.16,68018.31,19395.23,9698.62,75.82,0.00,0.00
368,150,4571.23,91379.67,64009.26,18227.94,9142.47,73.13,0.00,0.00
369,150,4590.12,91718.38,64256.67,18281.48,9180.24,73.13,0.00,0.00
370,150,4250.21,85043.11,59507.88,17034.82,8500.41,84.47,0.00,0.00
371,150,2240.60,44951.95,31368.34,9102.42,4481.19,142.39,0.00,0.00
372,150,4945.51,98660.20,69156.13,19613.05,9891.02,99.33,0.00,0.00
373,150,6151.11,123066.27,86165.59,24598.45,12302.23,59.99,0.00,0.00
374,150,5013.10,100344.09,70214.46,20103.42,10026.21,63.32,0.00,0.00
375,150,5557.32,111180.33,77802.43,22263.27,11114.63,68.05,0.00,0.00
376,150,5397.23,107874.55,75561.18,21518.92,10794.45,63.32,0.00,0.00
377,150,5435.93,108781.57,76102.99,21806.72,10871.86,68.05,0.00,0.00
378,150,4471.06,89529.20,62594.84,17992.24,8942.12,70.55,0.00,0.00
379,150,5724.67,114405.49,80139.44,22816.70,11449.35,58.92,0.00,0.00
380,150,4594.30,91837.00,64326.19,18322.21,9188.60,82.96,0.00,0.00
381,150,5606.18,112073.67,78452.57,22408.73,11212.37,62.19,0.00,0.00
382,150,5024.89,100515.80,70382.46,20083.56,10049.78,69.29,0.00,0.00
383,150,6178.86,123544.27,86368.07,24816.47,12359.73,50.11,2.00,0.00
384,150,5507.95,110212.08,77275.36,21920.82,11015.91,73.13,0.00,0.00
385,150,5845.83,116660.63,81566.65,23402.32,11691.66,59.99,0.00,0.00
386,150,5373.60,107874.88,75533.31,21592.37,10749.19,61.08,2.00,0.00
387,150,5969.11,119264.22,83567.55,23758.44,11938.22,52.89,0.00,0.00
388,150,5389.07,107978.46,75447.02,21753.29,10778.15,64.47,0.00,0.00
389,150,5548.39,110898.77,77677.44,22124.55,11096.78,66.84,0.00,0.00
390,150,5966.33,119382.68,83528.68,23921.33,11932.67,62.19,0.00,0.00
391,150,5630.05,112874.07,78820.75,22793.22,11260.11,62.19,0.00,0.00
392,150,6294.16,125009.48,87682.39,24738.77,12588.32,58.92,0.00,0.00
393,150,6641.65,133267.16,93433.25,26549.61,13284.31,47.47,1.00,0.00
394,150,6647.20,133068.06,93059.83,26713.83,13294.40,52.89,0.00,0.00
395,150,5917.90,118335.93,82850.55,23649.59,11835.79,63.32,0.00,0.00
396,150,5782.11,115580.29,80964.60,23050.46,11565.23,65.65,1.00,0.00
397,150,6251.74,125351.84,87436.40,25416.95,12498.49,51.02,0.00,0.00
398,150,6128.23,122224.72,85776.24,24187.02,12261.46,51.94,0.00,0.00
399,150,4012.51,80385.32,56239.21,16121.09,8025.02,58.92,0.00,0.00
400,150,349.02,6947.31,4929.22,1320.06,698.03,831.46,0.00,0.00
401,150,5149.08,103015.53,72087.08,20630.30,10298.15,97.55,0.00,0.00
402,150,6511.06,130092.18,91154.83,25915.24,13022.12,53.85,0.00,0.00
403,150,6812.77,136350.48,95378.84,27346.09,13625.55,49.21,0.00,0.00
404,150,6953.48,139177.44,97348.66,27921.83,13906.95,48.34,0.00,0.00
405,150,6751.61,135192.34,94470.60,27218.51,13503.23,55.82,0.00,0.00
406,150,7126.45,142205.80,99674.23,28277.68,14253.90,51.02,1.00,0.00
407,150,6665.61,133676.04,93392.49,26952.33,13331.22,47.47,0.00,0.00
408,150,6853.31,136689.00,96034.32,26948.07,13706.61,47.47,0.00,0.00
409,150,6830.95,136702.93,95633.25,27407.79,13661.89,46.63,0.00,0.00
410,150,6890.57,137719.35,96467.94,27470.27,13781.13,49.21,0.00,0.00
411,150,6467.66,129376.28,90547.30,25893.66,12935.33,51.02,0.00,0.00
412,150,6566.64,131441.86,91944.99,26362.58,13134.28,44.98,1.00,0.00
413,150,6442.67,128332.52,89729.47,25717.70,12885.35,57.87,0.00,0.00
414,150,6762.74,135851.87,95148.40,27177.97,13525.49,48.34,0.00,0.00
415,150,7428.38,148379.64,103987.34,29535.54,14856.76,44.17,0.00,0.00
416,150,7527.45,150553.98,105394.29,30104.79,15054.90,44.17,0.00,0.00
417,150,7724.77,154558.44,108035.83,31073.06,15449.54,51.02,0.00,0.00
418,150,7490.71,149988.18,104970.93,30034.84,14982.42,41.85,1.00,0.00
419,150,7378.07,147325.44,103316.99,29252.32,14756.14,42.61,0.00,0.00
420,150,7276.79,145328.86,101504.17,29271.11,14553.58,48.34,0.00,0.00
421,150,7595.67,152235.29,106724.30,30318.66,15192.33,47.47,1.00,0.00
422,150,7239.93,144783.59,101083.94,29219.79,14479.86,46.63,0.00,0.00
423,150,7329.32,146714.34,102899.45,29155.26,14659.63,47.47,1.00,0.00
424,150,6640.11,132784.28,92975.59,26527.46,13281.23,48.34,1.00,0.00
425,150,7019.17,140286.39,98268.37,27979.68,14038.34,50.11,0.00,0.00
426,150,6918.23,137831.65,96347.27,27647.92,13836.46,46.63,1.00,0.00
427,150,8155.75,163733.23,114702.70,32718.03,16312.49,38.94,0.00,0.00
428,150,7950.99,159066.85,111327.89,31835.97,15902.98,41.85,1.00,0.00
429,150,6997.64,139797.84,97950.97,27851.59,13995.28,51.94,0.00,0.00
430,150,7784.19,155842.85,108987.68,31286.79,15568.38,42.61,0.00,0.00
431,150,6879.07,137520.35,96238.95,27522.27,13759.13,64.47,1.00,0.00
432,150,7983.60,158804.12,110912.49,31926.42,15965.21,43.39,0.00,0.00
433,150,7869.54,158174.88,111120.65,31313.15,15741.08,46.63,0.00,0.00
434,150,8302.59,166145.85,116250.30,33289.37,16606.19,38.25,1.00,0.00
435,150,7319.41,146462.23,102471.75,29351.66,14638.82,41.10,0.00,0.00
436,150,8223.38,163915.67,114562.41,32909.51,16443.76,37.56,0.00,0.00
437,150,8143.29,163282.78,114571.05,32422.15,16289.58,38.25,0.00,0.00
438,150,8137.80,162836.98,113927.18,32634.20,16275.60,36.89,0.00,0.00
439,150,7177.35,143525.08,100478.96,28691.42,14354.71,44.98,0.00,0.00
440,150,8459.97,167668.58,116909.76,33860.88,16897.94,39.65,1.00,0.00
441,150,7284.13,146915.66,103135.87,29188.53,14591.26,51.02,0.00,0.00
442,150,8770.39,175071.77,122594.43,34938.57,17538.77,37.56,1.00,0.00
443,150,8538.08,170801.60,119517.12,34205.33,17079.16,36.24,0.00,0.00
444,150,8089.05,162356.01,113859.73,32318.18,16178.09,39.65,0.00,0.00
445,150,8816.67,175619.00,122727.94,35257.70,17633.35,38.25,0.00,0.00
446,150,8621.47,173282.98,121421.08,34617.97,17243.93,39.65,1.00,0.00
447,150,8658.16,172176.58,120375.55,34485.70,17315.33,38.25,0.00,0.00
448,150,8441.76,169635.42,118672.78,34078.12,16884.53,38.94,0.00,0.00
449,150,8794.27,176097.40,123470.81,35038.05,17588.54,36.24,0.00,0.00
450,150,8559.10,171024.92,119827.33,34079.40,17118.19,38.94,0.00,0.00
451,150,8917.38,178575.47,124683.29,36057.43,17834.75,37.56,0.00,0.00
452,150,8663.16,173107.18,121443.29,34337.57,17326.32,42.61,0.00,0.00
453,150,9419.67,188302.51,131876.45,37586.71,18839.35,33.72,0.00,0.00
454,150,8870.93,177493.62,124177.03,35572.72,17743.86,34.95,2.00,0.00
455,150,8616.36,172334.28,120673.10,34428.45,17232.73,34.95,0.00,0.00
456,150,9005.74,180064.87,126006.41,36046.97,18011.49,33.72,0.00,0.00
457,150,8111.38,162337.60,113495.35,32619.49,16222.76,38.25,0.00,0.00
458,150,9165.10,182837.97,128048.39,36459.37,18330.21,33.72,0.00,0.00
459,150,5655.22,113040.33,79011.99,22717.91,11310.44,37.56,0.00,0.00
460,150,739.84,15025.67,10596.65,2949.35,1479.67,623.33,0.00,0.00
461,150,3384.33,68063.47,47703.52,13591.30,6768.65,308.84,0.00,0.00
462,150,9128.73,181926.78,127263.36,36414.95,18248.47,36.24,0.00,0.00
463,150,9807.24,196872.84,137819.39,39429.98,19623.48,33.12,0.00,0.00
464,150,9269.91,184557.72,129214.09,36803.82,18539.82,34.33,0.00,0.00
465,150,9436.91,189376.76,132717.24,37784.69,18874.83,32.53,1.00,0.00
466,150,9333.90,186744.05,130688.64,37386.61,18668.81,34.33,1.00,0.00
467,150,8624.87,172576.37,120748.15,34578.48,17249.74,36.89,0.00,0.00
468,150,9888.51,197586.17,138362.11,39447.05,19777.01,36.89,0.00,0.00
469,150,9384.08,188282.58,131462.14,38051.28,18769.16,39.65,1.00,0.00
470,150,9824.51,195955.16,137339.16,38971.98,19644.03,37.56,0.00,0.00
471,150,8903.04,178540.88,124825.61,35903.18,17812.09,42.61,1.00,0.00
472,150,9424.79,188128.77,131840.02,37437.18,18851.57,36.89,2.00,0.00
473,150,9460.10,189123.91,132403.33,37800.38,18920.19,42.61,0.00,0.00
474,150,9914.18,198304.64,139026.51,39448.77,19829.36,32.53,1.00,0.00
475,150,9683.47,193900.35,135467.53,39065.88,19366.93,33.12,0.00,0.00
476,150,9154.52,182963.45,128094.32,36561.08,18308.05,35.59,0.00,0.00
477,150,9120.50,182315.08,127857.07,36216.00,18242.01,38.94,0.00,0.00
478,150,9668.96,193420.13,135365.39,38716.83,19337.91,35.59,0.00,0.00
479,150,9098.17,181968.36,127363.35,36408.67,18196.34,41.10,0.00,0.00
480,150,9508.19,190311.69,133125.59,38169.73,19016.37,37.56,0.00,0.00
481,150,9875.82,197790.31,138275.44,39762.24,19752.63,36.89,1.00,0.00
482,150,9990.93,199714.67,139726.05,40006.75,19981.87,33.12,0.00,0.00
483,150,9361.88,187342.60,131213.31,37403.53,18725.76,31.37,2.00,0.00
484,150,10101.17,201588.41,141444.42,39941.64,20202.35,33.12,0.00,0.00
485,150,10134.35,202694.09,141475.03,40959.35,20259.71,29.72,1.00,0.00
486,150,9251.39,185194.71,129939.41,36742.53,18512.77,34.33,0.00,0.00
487,150,10947.88,218893.57,153242.30,43754.51,21896.76,32.53,1.00,0.00
488,150,10243.51,204788.26,143451.20,40850.04,20487.03,29.19,0.00,0.00
489,150,10563.80,210786.15,147269.37,42389.18,21127.61,32.53,0.00,0.00
490,150,10833.00,217293.90,152285.89,43342.00,21666.00,25.74,0.00,0.00
491,150,10349.59,206868.84,144894.30,41275.35,20699.19,31.94,0.00,0.00
492,150,9984.03,199676.56,139790.39,39917.11,19969.06,33.72,1.00,0.00
493,150,10443.56,208867.27,146223.89,41755.26,20888.13,34.33,1.00,0.00
494,150,9985.78,199779.60,139624.90,40181.14,19973.56,34.95,2.00,0.00
495,150,10300.12,205975.30,144353.66,41021.41,20600.23,31.37,0.00,0.00
496,150,10579.69,211725.83,148167.68,42398.77,21159.38,33.12,0.00,0.00
497,150,10309.94,206270.86,144171.27,41479.71,20619.89,31.94,0.00,0.00
498,150,10682.25,214011.15,149730.58,42915.07,21365.50,31.94,1.00,0.00
499,150,10055.36,200587.14,140777.98,39698.46,20110.71,36.24,0.00,0.00
500,150,11225.20,224712.88,157047.78,45214.71,22450.39,27.66,0.00,0.00
501,150,10464.62,209046.30,146589.68,41527.39,20929.24,31.94,0.00,0.00
502,150,10772.02,215448.49,150827.34,43077.10,21544.05,30.26,0.00,0.00
503,150,10997.42,219939.38,153946.86,43997.68,21994.84,27.17,0.00,0.00
504,150,10867.81,217465.23,152167.36,43562.24,21735.62,30.26,0.00,0.00
505,150,10802.17,215959.40,151230.38,43124.69,21604.34,28.67,0.00,0.00
506,150,10086.02,201166.49,140664.36,40329.09,20173.04,33.12,1.00,0.00
507,150,10812.90,216872.11,151934.69,43311.62,21625.81,29.72,0.00,0.00
508,150,10825.73,216456.64,151518.25,43286.93,21651.46,30.26,0.00,0.00
509,150,11234.92,223805.34,156246.84,45097.67,22460.83,28.67,0.00,0.00
510,150,11452.72,229858.48,161315.13,45628.90,22914.45,28.16,0.00,0.00
511,150,11910.32,237572.41,166108.50,47663.27,23800.64,28.67,0.00,0.00
512,150,11059.67,221291.36,154865.35,44286.67,22139.34,30.26,0.00,0.00
513,150,11663.02,233246.33,163283.23,46642.07,23321.03,31.37,0.00,0.00
514,150,11141.35,223395.91,156232.88,44891.31,22271.71,26.68,1.00,0.00
515,150,10297.87,205230.41,143817.18,40809.48,20603.74,33.72,2.00,0.00
516,150,12368.34,248221.35,174010.30,49463.36,24747.69,25.74,0.00,0.00
517,150,11621.51,232528.27,162701.20,46584.05,23243.03,29.72,0.00,0.00
518,150,10658.85,212571.11,148704.00,42554.41,21312.70,33.12,0.00,0.00
519,150,7412.29,148377.87,103818.08,29730.21,14829.58,29.19,0.00,0.00
520,150,91.99,2289.77,1749.82,355.96,183.98,1191.92,0.00,0.00
521,150,3243.25,64833.05,45417.53,12929.02,6486.50,590.56,0.00,0.00
522,150,12222.19,244198.91,170679.82,49079.71,24439.38,25.74,0.00,0.00
523,150,11788.91,236095.24,165475.84,47036.59,23582.82,28.67,0.00,0.00
524,150,12386.49,247658.82,173424.87,49459.97,24773.98,27.66,1.00,0.00
525,150,11870.83,237534.69,166189.67,47603.35,23741.67,28.67,0.00,0.00
526,150,11542.43,230711.57,161609.99,46015.72,23085.86,28.16,1.00,0.00
527,150,12687.96,253604.27,177195.57,51032.78,25375.92,25.74,1.00,0.00
528,150,12763.43,255430.57,179094.03,50808.68,25527.86,26.20,0.00,0.00
529,150,10943.23,219103.63,153263.23,43952.94,21887.46,30.81,1.00,0.00
