sysbench 1.0.20 (using bundled LuaJIT 2.1.0-beta2)

Running the test with following options:
Number of threads: 150
Report intermediate results every 1 second(s)
Initializing random number generator from current time


Initializing worker threads...

Threads started!

1,150,5346.75,108718.51,76386.79,21488.68,10843.04,38.94,0.00,0.00
2,150,5828.01,116393.06,81474.04,23262.99,11656.03,33.12,0.00,0.00
3,150,6223.56,124442.16,87081.82,24913.23,12447.12,30.81,0.00,0.00
4,150,6079.24,121662.70,85194.29,24309.94,12158.47,31.37,0.00,0.00
5,150,6454.95,129072.00,90371.30,25790.80,12909.90,30.26,0.00,0.00
6,150,6593.96,131829.19,92238.43,26402.84,13187.92,30.26,0.00,0.00
7,150,6835.92,136740.46,95739.92,27329.69,13670.85,29.72,0.00,0.00
8,150,7799.36,156178.13,109323.99,31254.43,15599.71,24.38,0.00,0.00
9,150,4777.22,95674.49,67004.14,19115.90,9554.45,27.17,0.00,0.00
10,150,38.00,760.98,543.99,141.00,76.00,1304.21,0.00,0.00
11,150,23.00,465.03,315.02,104.01,46.00,2159.29,0.00,0.00
12,150,26.01,501.12,349.09,100.02,52.01,3267.19,0.00,0.00
13,150,20.99,403.82,279.88,81.96,41.98,4280.32,0.00,0.00
14,150,24.01,386.18,244.11,94.04,48.02,5124.81,0.00,0.00
15,150,12.00,298.93,202.95,71.98,23.99,5918.87,0.00,0.00
16,150,12.00,279.99,206.99,49.00,24.00,6713.97,0.00,0.00
17,150,17.00,290.03,198.02,58.01,34.00,8038.61,0.00,0.00
18,150,23.00,309.96,198.97,64.99,45.99,8955.74,0.00,0.00
19,150,17.00,375.06,285.04,56.01,34.01,9977.52,0.00,0.00
20,150,18.00,339.00,243.00,60.00,36.00,11115.87,0.00,0.00
21,150,16.00,296.96,212.97,51.99,32.00,11523.48,0.00,0.00
22,150,10.00,273.99,209.99,44.00,20.00,10531.32,0.00,0.00
23,150,13.01,299.12,206.08,67.03,26.01,12163.09,0.00,0.00
24,150,13.00,263.90,184.93,52.98,25.99,11523.48,0.00,0.00
25,150,14.00,254.06,164.04,62.01,28.01,14827.42,0.00,0.00
26,150,12.00,282.03,198.02,60.01,24.00,13550.80,0.00,0.00
27,150,15.00,244.93,149.96,64.98,29.99,12838.21,0.00,0.00
28,150,15.00,268.00,200.00,38.00,30.00,15371.13,0.00,0.00
29,150,11.00,227.02,163.01,42.00,22.00,14562.82,0.00,0.00
30,150,12.00,245.05,168.03,53.01,24.00,15934.78,0.00,0.00
31,150,7.00,162.01,107.00,41.00,14.00,14562.82,0.00,0.00
32,150,14.00,191.99,129.99,34.00,28.00,14047.70,0.00,0.00
33,150,7.00,156.96,111.97,30.99,14.00,15650.42,0.00,0.00
34,150,11.00,191.06,126.04,43.01,22.01,15934.78,0.00,0.00
35,150,8.00,176.00,124.00,36.00,16.00,15371.13,0.00,0.00
36,150,9.00,145.95,92.97,34.99,17.99,14827.42,0.00,0.00
37,150,12.00,169.01,115.01,30.00,24.00,17752.80,0.00,0.00
38,150,6.00,173.99,137.99,24.00,12.00,14047.70,0.00,0.00
39,150,7.00,130.03,94.03,22.01,14.00,21255.35,0.00,0.00
40,150,5.00,172.97,133.98,29.00,10.00,21255.35,0.00,0.00
41,150,5.00,150.03,115.02,25.00,10.00,24994.79,0.00,0.00
42,150,3.00,156.97,131.97,19.00,6.00,22034.77,0.00,0.00
43,150,11.00,157.02,97.01,38.00,22.00,18738.17,0.00,0.00
44,150,6.00,168.99,121.00,36.00,12.00,19078.64,0.00,0.00
45,150,4.00,134.01,100.01,26.00,8.00,31587.21,0.00,0.00
46,150,9.00,174.94,110.96,45.98,17.99,25448.93,0.00,0.00
47,150,9.00,193.03,136.02,39.01,18.00,32745.49,0.00,0.00
48,150,11.00,121.00,67.00,32.00,22.00,19778.24,0.00,0.00
49,150,11.00,145.00,85.00,38.00,22.00,23680.40,0.00,0.00
50,150,6.00,145.97,102.98,30.99,12.00,22842.77,0.00,0.00
51,150,6.00,143.06,101.04,30.01,12.00,29392.11,0.00,0.00
52,150,6.00,125.99,86.99,27.00,12.00,24548.75,0.00,0.00
53,150,8.00,136.01,89.01,31.00,16.00,29926.15,0.00,0.00
54,150,8.00,163.91,113.93,33.98,15.99,25448.93,0.00,0.00
55,150,5.00,106.05,79.04,17.01,10.01,22034.77,0.00,0.00
56,150,5.00,128.96,89.97,28.99,10.00,24110.66,0.00,0.00
57,150,12.00,148.00,98.00,26.00,24.00,29392.11,0.00,0.00
58,150,6.00,136.05,95.03,29.01,12.00,29392.11,0.00,0.00
59,150,5.00,123.99,88.99,25.00,10.00,28867.59,0.00,0.00
60,150,10.00,109.97,71.98,18.00,19.99,35191.04,0.00,0.00
61,150,7.00,112.98,76.99,22.00,14.00,29926.15,0.00,0.00
62,150,3.00,107.04,92.03,9.00,6.00,35191.04,0.00,0.00
63,150,5.00,118.01,84.01,24.00,10.00,27349.55,0.00,0.00
64,150,2.00,94.00,77.00,13.00,4.00,23680.40,0.00,0.00
65,150,4.00,106.00,85.00,13.00,8.00,35830.44,0.00,0.00
66,150,5.00,110.96,80.97,19.99,10.00,28867.59,0.00,0.00
67,150,7.00,124.06,89.04,21.01,14.01,29392.11,0.00,0.00
68,150,2.00,86.99,66.00,17.00,4.00,19078.64,0.00,0.00
69,150,4.00,99.98,67.98,23.99,8.00,22842.77,0.00,0.00
70,150,3.00,73.02,53.01,14.00,6.00,21255.35,0.00,0.00
71,150,3.00,73.00,56.00,11.00,6.00,33946.25,0.00,0.00
72,150,5.00,74.00,43.00,21.00,10.00,29392.11,0.00,0.00
73,150,4.00,99.99,69.00,23.00,8.00,33340.46,0.00,0.00
74,150,6.00,62.00,32.00,18.00,12.00,33946.25,0.00,0.00
75,150,5.00,67.00,44.00,13.00,10.00,40643.69,0.00,0.00
76,150,5.00,102.01,73.01,19.00,10.00,42899.63,0.00,0.00
77,150,5.00,96.98,66.99,20.00,10.00,28867.59,0.00,0.00
78,150,5.00,84.00,56.00,18.00,10.00,37819.22,0.00,0.00
79,150,4.00,89.02,63.01,18.00,8.00,41382.17,0.00,0.00
80,150,5.00,80.98,54.98,16.00,10.00,31023.52,0.00,0.00
81,150,7.00,93.01,55.00,24.00,14.00,35830.44,0.00,0.00
82,150,9.00,115.99,71.99,26.00,18.00,37819.22,0.00,0.00
83,150,2.00,113.00,94.00,15.00,4.00,40643.69,0.00,0.00
84,150,2.00,79.02,64.01,11.00,4.00,35830.44,0.00,0.00
85,150,8.00,146.00,93.00,37.00,16.00,34563.04,0.00,0.00
86,150,4.00,140.95,107.97,24.99,8.00,34563.04,0.00,0.00
87,150,8.00,96.03,54.02,26.01,16.01,37819.22,0.00,0.00
88,150,4.00,95.00,78.00,9.00,8.00,39918.39,0.00,0.00
89,150,6.00,138.01,99.01,27.00,12.00,34563.04,0.00,0.00
90,150,5.00,107.01,80.00,17.00,10.00,32745.49,0.00,0.00
91,150,3.00,103.96,81.97,15.99,6.00,33946.25,0.00,0.00
92,150,5.00,111.03,81.02,20.00,10.00,45280.79,0.00,0.00
93,150,7.00,111.01,72.01,25.00,14.00,42134.07,0.00,0.00
94,150,6.00,96.00,55.00,29.00,12.00,39206.03,0.00,0.00
95,150,3.00,60.00,41.00,13.00,6.00,41382.17,0.00,0.00
96,150,3.00,93.98,71.98,16.00,6.00,34563.04,0.00,0.00
97,150,6.00,100.00,58.00,30.00,12.00,39918.39,0.00,0.00
98,150,5.00,111.01,77.01,24.00,10.00,39918.39,0.00,0.00
99,150,6.00,103.01,65.01,26.00,12.00,46941.21,0.00,0.00
100,150,8.00,135.01,86.00,33.00,16.00,38506.38,0.00,0.00
101,150,5.00,95.96,72.97,12.99,10.00,46941.21,0.00,0.00
102,150,8.00,105.04,62.02,27.01,16.01,45280.79,0.00,0.00
103,150,8.00,124.01,78.00,30.00,16.00,50446.94,0.00,0.00
104,150,5.00,100.99,75.99,15.00,10.00,37819.22,0.00,0.00
105,150,1.00,96.02,81.01,13.00,2.00,19078.64,0.00,0.00
106,150,3.00,101.95,75.96,19.99,6.00,46941.21,0.00,0.00
107,150,3.00,95.01,79.01,10.00,6.00,37144.33,0.00,0.00
108,150,3.00,63.02,41.01,16.01,6.00,31587.21,0.00,0.00
109,150,4.00,74.00,59.00,7.00,8.00,35830.44,0.00,0.00
110,150,7.00,104.98,69.99,21.00,14.00,58263.41,0.00,0.00
111,150,3.00,98.98,81.98,11.00,6.00,48662.51,0.00,0.00
112,150,7.00,100.99,60.99,26.00,14.00,63752.41,0.00,0.00
113,150,6.00,110.01,76.01,22.00,12.00,36481.47,0.00,0.00
114,150,3.00,97.02,75.02,16.00,6.00,27846.48,0.00,0.00
115,150,8.00,101.97,55.98,29.99,15.99,56202.50,0.00,0.00
116,150,7.00,127.01,90.01,23.00,14.00,49546.69,0.00,0.00
117,150,5.00,87.00,55.00,22.00,10.00,40643.69,0.00,0.00
118,150,5.00,120.02,84.02,26.00,10.00,37144.33,0.00,0.00
119,150,4.00,90.97,66.98,15.99,8.00,38506.38,0.00,0.00
120,150,4.00,76.03,57.02,11.00,8.00,32745.49,0.00,0.00
121,150,2.00,86.00,69.00,13.00,4.00,38506.38,0.00,0.00
122,150,4.00,83.00,58.00,17.00,8.00,47794.11,0.00,0.00
123,150,3.00,86.00,65.00,15.00,6.00,39206.03,0.00,0.00
124,150,3.00,99.01,76.00,17.00,6.00,44472.74,0.00,0.00
125,150,4.00,83.97,56.98,18.99,8.00,56202.50,0.00,0.00
126,150,4.00,83.01,56.01,19.00,8.00,31587.21,0.00,0.00
127,150,5.00,62.02,34.01,18.00,10.00,37144.33,0.00,0.00
128,150,2.00,61.99,48.99,9.00,4.00,29926.15,0.00,0.00
129,150,5.00,69.99,37.99,22.00,10.00,55199.54,0.00,0.00
130,150,6.00,92.02,63.02,17.00,12.00,43679.10,0.00,0.00
131,150,5.00,98.01,63.00,25.00,10.00,37819.22,0.00,0.00
132,150,4.00,73.00,49.00,16.00,8.00,39206.03,0.00,0.00
133,150,2.00,83.00,60.00,19.00,4.00,29926.15,0.00,0.00
134,150,1.00,68.00,50.00,16.00,2.00,22034.77,0.00,0.00
135,150,6.00,106.00,69.00,25.00,12.00,48662.51,0.00,0.00
136,150,9.00,132.00,91.00,23.00,18.00,45280.79,0.00,0.00
137,150,5.00,96.97,78.97,8.00,10.00,67291.00,0.00,0.00
138,150,6.00,112.00,81.00,19.00,12.00,40643.69,0.00,0.00
139,150,9.00,118.03,78.02,22.01,18.01,42899.63,0.00,0.00
140,150,3.00,97.00,78.00,13.00,6.00,40643.69,0.00,0.00
141,150,7.00,126.96,92.97,19.99,14.00,63752.41,0.00,0.00
142,150,5.00,132.04,93.03,29.01,10.00,42134.07,0.00,0.00
143,150,5.00,76.98,48.99,18.00,10.00,29392.11,0.00,0.00
144,150,4.00,149.00,113.00,28.00,8.00,50446.94,0.00,0.00
145,150,4.00,113.00,83.00,22.00,8.00,41382.17,0.00,0.00
146,150,2.00,107.02,91.02,12.00,4.00,51363.54,0.00,0.00
147,150,9.00,159.01,97.01,44.00,18.00,36481.47,0.00,0.00
148,150,1.00,89.99,75.99,12.00,2.00,9452.83,0.00,0.00
149,150,0.00,98.01,90.01,8.00,0.00,0.00,0.00,0.00
150,150,9.00,81.00,27.00,36.00,18.00,46941.21,0.00,0.00
151,150,1.00,48.00,35.00,11.00,2.00,21641.55,0.00,0.00
152,150,8.00,162.01,114.01,32.00,16.00,38506.38,0.00,0.00
153,150,5.00,109.99,77.99,22.00,10.00,37819.22,0.00,0.00
154,150,5.00,105.97,62.98,32.99,10.00,33340.46,0.00,0.00
155,150,3.00,34.00,17.00,11.00,6.00,53247.01,0.00,0.00
156,150,4.00,110.98,80.99,22.00,8.00,54214.49,0.00,0.00
157,150,5.00,87.03,55.02,22.01,10.00,32161.14,0.00,0.00
158,150,5.00,75.98,43.99,21.99,10.00,29926.15,0.00,0.00
159,150,6.00,86.02,51.01,23.01,12.00,62614.72,0.00,0.00
160,150,4.00,92.00,65.00,19.00,8.00,45280.79,0.00,0.00
161,150,8.00,134.96,80.98,37.99,16.00,47794.11,0.00,0.00
162,150,6.00,90.03,61.02,17.00,12.00,44472.74,0.00,0.00
163,150,10.00,102.01,61.00,21.00,20.00,77717.37,0.00,0.00
164,150,14.00,164.00,100.00,36.00,28.00,51363.54,0.00,0.00
165,150,4.00,94.00,75.00,11.00,8.00,37819.22,0.00,0.00
166,150,9.00,129.97,88.98,23.00,18.00,63752.41,0.00,0.00
167,150,3.00,128.01,102.01,20.00,6.00,42134.07,0.00,0.00
168,150,2.00,77.98,60.99,13.00,4.00,39918.39,0.00,0.00
169,150,4.00,86.03,70.02,8.00,8.00,50446.94,0.00,0.00
170,150,11.00,139.01,88.01,29.00,22.00,34563.04,0.00,0.00
171,150,3.00,77.99,63.00,9.00,6.00,44472.74,0.00,0.00
172,150,2.00,72.00,62.00,6.00,4.00,45280.79,0.00,0.00
173,150,1.00,79.00,71.00,6.00,2.00,42899.63,0.00,0.00
174,150,4.00,56.00,37.00,11.00,8.00,51363.54,0.00,0.00
175,150,4.00,81.00,51.00,22.00,8.00,50446.94,0.00,0.00
176,150,5.00,78.00,53.00,15.00,10.00,66090.17,0.00,0.00
177,150,4.00,96.00,70.00,18.00,8.00,37819.22,0.00,0.00
178,150,2.00,50.00,39.00,7.00,4.00,67291.00,0.00,0.00
179,150,3.00,89.00,68.00,15.00,6.00,32161.14,0.00,0.00
180,150,6.00,96.00,59.00,25.00,12.00,64910.76,0.00,0.00
181,150,6.00,66.00,43.00,11.00,12.00,50446.94,0.00,0.00
182,150,3.00,51.00,31.00,14.00,6.00,62614.72,0.00,0.00
183,150,3.00,57.00,37.00,14.00,6.00,67291.00,0.00,0.00
184,150,4.00,98.99,74.00,17.00,8.00,73630.49,0.00,0.00
185,150,4.00,83.99,57.99,18.00,8.00,41382.17,0.00,0.00
186,150,10.00,153.01,101.01,32.00,20.00,35830.44,0.00,0.00
187,150,2.00,85.01,64.01,17.00,4.00,25448.93,0.00,0.00
188,150,2.00,103.97,88.97,11.00,4.00,33340.46,0.00,0.00
189,150,0.00,47.01,42.01,5.00,0.00,0.00,0.00,0.00
190,150,7.00,161.01,107.01,40.00,14.00,66090.17,0.00,0.00
191,150,5.00,93.00,60.00,23.00,10.00,44472.74,0.00,0.00
192,150,6.00,82.99,57.00,14.00,12.00,31023.52,0.00,0.00
193,150,2.00,68.00,46.00,18.00,4.00,31587.21,0.00,0.00
194,150,9.00,122.01,79.00,25.00,18.00,35191.04,0.00,0.00
195,150,7.00,118.98,86.98,18.00,14.00,40643.69,0.00,0.00
196,150,2.00,93.02,79.02,10.00,4.00,36481.47,0.00,0.00
197,150,2.00,64.00,47.00,13.00,4.00,37144.33,0.00,0.00
198,150,17.00,225.99,136.99,55.00,34.00,59322.03,0.00,0.00
199,150,3.00,64.00,44.00,14.00,6.00,35191.04,0.00,0.00
200,150,5.00,118.00,76.00,32.00,10.00,47794.11,0.00,0.00
201,150,4.00,94.99,68.99,18.00,8.00,48662.51,0.00,0.00
202,150,6.00,101.01,69.01,20.00,12.00,44472.74,0.00,0.00
203,150,4.00,82.98,52.99,22.00,8.00,39206.03,0.00,0.00
204,150,7.00,106.03,70.02,22.01,14.00,45280.79,0.00,0.00
205,150,2.00,93.98,82.98,7.00,4.00,33340.46,0.00,0.00
206,150,4.00,91.02,64.01,19.00,8.00,51363.54,0.00,0.00
207,150,4.00,81.99,57.99,16.00,8.00,37144.33,0.00,0.00
208,150,10.00,133.01,83.01,30.00,20.00,56202.50,0.00,0.00
209,150,6.00,110.00,77.00,21.00,12.00,42134.07,0.00,0.00
210,150,4.00,72.99,50.99,14.00,8.00,46941.21,0.00,0.00
211,150,4.00,84.02,59.01,17.00,8.00,54214.49,0.00,0.00
212,150,10.00,137.95,93.97,23.99,19.99,67291.00,0.00,0.00
213,150,4.00,91.03,60.02,23.01,8.00,48662.51,0.00,0.00
214,150,4.00,78.00,53.00,17.00,8.00,100000.00,0.00,0.00
215,150,2.00,108.00,90.00,14.00,4.00,40643.69,0.00,0.00
216,150,4.00,95.98,70.99,17.00,8.00,46941.21,0.00,0.00
217,150,3.00,67.00,42.00,19.00,6.00,26861.48,0.00,0.00
218,150,5.00,94.00,65.00,19.00,10.00,39206.03,0.00,0.00
219,150,6.00,124.01,80.01,32.00,12.00,38506.38,0.00,0.00
220,150,3.00,105.00,80.00,19.00,6.00,39918.39,0.00,0.00
221,150,7.00,96.99,62.99,20.00,14.00,34563.04,0.00,0.00
222,150,5.00,89.98,68.98,11.00,10.00,36481.47,0.00,0.00
223,150,4.00,61.02,40.01,13.00,8.00,42899.63,0.00,0.00
224,150,4.00,79.97,57.98,14.00,8.00,47794.11,0.00,0.00
225,150,2.00,70.04,54.03,12.01,4.00,37819.22,0.00,0.00
226,150,5.00,97.99,67.99,20.00,10.00,63752.41,0.00,0.00
227,150,2.00,100.99,73.99,23.00,4.00,62614.72,0.00,0.00
228,150,2.00,57.00,44.00,9.00,4.00,36481.47,0.00,0.00
229,150,1.00,63.00,51.00,10.00,2.00,21255.35,0.00,0.00
230,150,3.00,105.02,78.01,21.00,6.00,33946.25,0.00,0.00
231,150,10.00,125.96,55.98,49.98,19.99,39206.03,0.00,0.00
232,150,8.00,51.01,22.00,13.00,16.00,68513.65,0.00,0.00
233,150,4.00,55.00,34.00,13.00,8.00,29392.11,0.00,0.00
234,150,3.00,73.00,53.00,14.00,6.00,31023.52,0.00,0.00
235,150,4.00,80.99,57.99,15.00,8.00,51363.54,0.00,0.00
236,150,2.00,80.02,57.01,19.00,4.00,29926.15,0.00,0.00
237,150,5.00,87.00,60.00,17.00,10.00,42134.07,0.00,0.00
238,150,4.00,127.00,101.00,18.00,8.00,48662.51,0.00,0.00
239,150,6.00,132.99,98.99,22.00,12.00,40643.69,0.00,0.00
240,150,4.00,96.01,78.00,10.00,8.00,47794.11,0.00,0.00
241,150,2.00,93.99,73.99,16.00,4.00,29926.15,0.00,0.00
242,150,8.00,118.98,82.98,20.00,16.00,41382.17,0.00,0.00
243,150,8.00,122.01,78.01,28.00,16.00,39206.03,0.00,0.00
244,150,2.00,55.01,46.01,5.00,4.00,40643.69,0.00,0.00
245,150,5.00,75.00,48.00,17.00,10.00,55199.54,0.00,0.00
246,150,6.00,81.00,48.00,21.00,12.00,55199.54,0.00,0.00
247,150,4.00,67.00,48.00,11.00,8.00,55199.54,0.00,0.00
248,150,7.00,130.99,97.99,19.00,14.00,42899.63,0.00,0.00
249,150,4.00,99.98,78.99,13.00,8.00,42134.07,0.00,0.00
250,150,2.00,114.00,93.00,17.00,4.00,37819.22,0.00,0.00
251,150,5.00,75.02,44.01,21.00,10.00,40643.69,0.00,0.00
252,150,2.00,53.01,40.01,9.00,4.00,51363.54,0.00,0.00
253,150,6.00,92.00,55.00,25.00,12.00,62614.72,0.00,0.00
254,150,6.00,99.00,65.00,22.00,12.00,44472.74,0.00,0.00
255,150,2.00,103.99,87.99,12.00,4.00,50446.94,0.00,0.00
256,150,9.00,137.02,91.01,28.00,18.00,54214.49,0.00,0.00
257,150,4.00,92.97,68.98,15.99,8.00,38506.38,0.00,0.00
258,150,5.00,93.03,52.02,31.01,10.00,37144.33,0.00,0.00
259,150,4.00,77.99,55.99,14.00,8.00,50446.94,0.00,0.00
260,150,4.00,65.00,43.00,14.00,8.00,41382.17,0.00,0.00
261,150,3.00,88.02,62.01,20.00,6.00,39918.39,0.00,0.00
262,150,7.00,91.00,59.00,18.00,14.00,50446.94,0.00,0.00
263,150,8.00,108.95,75.97,16.99,15.99,62614.72,0.00,0.00
264,150,3.00,83.01,70.01,7.00,6.00,41382.17,0.00,0.00
265,150,4.00,119.05,89.03,22.01,8.00,50446.94,0.00,0.00
266,150,4.00,102.99,80.99,14.00,8.00,44472.74,0.00,0.00
267,150,1.00,74.99,66.99,6.00,2.00,26861.48,0.00,0.00
268,150,2.00,97.02,76.02,17.00,4.00,36481.47,0.00,0.00
269,150,2.00,108.97,78.98,25.99,4.00,24110.66,0.00,0.00
270,150,3.00,84.02,67.02,11.00,6.00,40643.69,0.00,0.00
271,150,1.00,99.99,85.00,13.00,2.00,36481.47,0.00,0.00
272,150,8.00,149.98,68.99,64.99,16.00,52296.79,0.00,0.00
273,150,6.00,46.01,21.00,13.00,12.00,48662.51,0.00,0.00
274,150,8.00,90.00,48.00,26.00,16.00,39918.39,0.00,0.00
275,150,7.00,77.00,38.00,25.00,14.00,36481.47,0.00,0.00
276,150,5.00,61.99,38.99,13.00,10.00,54214.49,0.00,0.00
277,150,5.00,67.01,42.00,15.00,10.00,39918.39,0.00,0.00
278,150,3.00,62.99,44.99,12.00,6.00,28867.59,0.00,0.00
279,150,5.00,67.02,43.01,14.00,10.00,43679.10,0.00,0.00
280,150,3.00,87.98,63.99,18.00,6.00,35191.04,0.00,0.00
281,150,5.00,97.00,72.00,15.00,10.00,49546.69,0.00,0.00
282,150,4.00,59.01,39.01,12.00,8.00,51363.54,0.00,0.00
283,150,5.00,77.00,52.00,15.00,10.00,50446.94,0.00,0.00
284,150,3.00,65.99,50.99,9.00,6.00,38506.38,0.00,0.00
285,150,2.00,83.02,63.02,16.00,4.00,54214.49,0.00,0.00
286,150,8.00,74.00,39.00,19.00,16.00,77717.37,0.00,0.00
287,150,7.00,90.00,60.00,16.00,14.00,44472.74,0.00,0.00
288,150,5.00,77.99,55.00,13.00,10.00,45280.79,0.00,0.00
289,150,1.00,65.98,56.98,7.00,2.00,33340.46,0.00,0.00
290,150,3.00,115.01,99.01,10.00,6.00,57223.68,0.00,0.00
291,150,3.00,91.03,69.02,16.01,6.00,39918.39,0.00,0.00
292,150,5.00,86.97,62.98,13.99,10.00,58263.41,0.00,0.00
293,150,7.00,133.00,95.00,24.00,14.00,55199.54,0.00,0.00
294,150,3.00,86.03,69.02,11.00,6.00,29392.11,0.00,0.00
295,150,8.00,118.99,75.99,27.00,16.00,45280.79,0.00,0.00
296,150,3.00,73.01,47.00,20.00,6.00,37819.22,0.00,0.00
297,150,3.00,82.99,61.99,15.00,6.00,41382.17,0.00,0.00
298,150,5.00,115.00,89.00,16.00,10.00,47794.11,0.00,0.00
299,150,3.00,92.99,73.99,13.00,6.00,63752.41,0.00,0.00
300,150,1.00,84.02,64.02,18.00,2.00,26382.13,0.00,0.00
301,150,1.00,81.98,68.98,11.00,2.00,71026.01,0.00,0.00
302,150,8.00,96.01,61.01,19.00,16.00,47794.11,0.00,0.00
303,150,5.00,69.01,45.01,14.00,10.00,39206.03,0.00,0.00
304,150,4.00,80.99,54.99,18.00,8.00,61497.34,0.00,0.00
305,150,4.00,66.99,45.99,13.00,8.00,35191.04,0.00,0.00
306,150,4.00,88.96,61.97,18.99,8.00,33946.25,0.00,0.00
307,150,1.00,99.00,84.00,13.00,2.00,29392.11,0.00,0.00
308,150,2.00,116.08,103.07,9.01,4.00,38506.38,0.00,0.00
309,150,9.00,100.00,55.00,27.00,18.00,67291.00,0.00,0.00
310,150,0.00,38.99,34.99,4.00,0.00,0.00,0.00,0.00
311,150,3.00,56.00,35.00,15.00,6.00,37144.33,0.00,0.00
312,150,0.00,57.01,37.01,20.00,0.00,0.00,0.00,0.00
313,150,4.00,123.00,86.00,29.00,8.00,73630.49,0.00,0.00
314,150,6.00,76.00,39.00,25.00,12.00,55199.54,0.00,0.00
315,150,6.00,85.00,45.00,28.00,12.00,51363.54,0.00,0.00
316,150,4.00,68.00,41.00,19.00,8.00,42134.07,0.00,0.00
317,150,5.00,76.00,51.00,15.00,10.00,42134.07,0.00,0.00
318,150,8.00,101.97,59.98,25.99,16.00,44472.74,0.00,0.00
319,150,4.00,89.00,57.00,24.00,8.00,46941.21,0.00,0.00
320,150,7.00,163.99,115.99,34.00,14.00,44472.74,0.00,0.00
321,150,3.00,33.01,21.01,6.00,6.00,34563.04,0.00,0.00
322,150,3.00,107.99,90.99,11.00,6.00,61497.34,0.00,0.00
323,150,9.00,140.01,99.01,23.00,18.00,49546.69,0.00,0.00
324,150,5.00,99.96,65.97,23.99,10.00,41382.17,0.00,0.00
325,150,6.00,97.04,61.03,24.01,12.01,67291.00,0.00,0.00
326,150,7.00,84.97,49.98,20.99,14.00,39206.03,0.00,0.00
327,150,7.00,78.00,46.00,18.00,14.00,53247.01,0.00,0.00
328,150,3.00,61.01,48.01,7.00,6.00,61497.34,0.00,0.00
329,150,5.00,63.01,41.01,12.00,10.00,72316.52,0.00,0.00
330,150,3.00,86.99,64.99,16.00,6.00,35830.44,0.00,0.00
331,150,5.00,78.01,56.01,12.00,10.00,38506.38,0.00,0.00
332,150,1.00,91.00,80.00,9.00,2.00,15096.83,0.00,0.00
333,150,5.00,66.99,47.00,10.00,10.00,41382.17,0.00,0.00
334,150,1.00,78.00,65.00,11.00,2.00,35191.04,0.00,0.00
335,150,2.00,64.00,45.00,15.00,4.00,17124.84,0.00,0.00
336,150,1.00,54.00,47.00,5.00,2.00,42899.63,0.00,0.00
337,150,5.00,89.99,62.00,18.00,10.00,38506.38,0.00,0.00
338,150,2.00,43.00,32.00,7.00,4.00,62614.72,0.00,0.00
339,150,5.00,76.00,51.00,15.00,10.00,40643.69,0.00,0.00
340,150,2.00,55.99,38.99,13.00,4.00,25448.93,0.00,0.00
341,150,2.00,75.02,62.02,9.00,4.00,22034.77,0.00,0.00
342,150,2.00,60.00,41.00,15.00,4.00,22034.77,0.00,0.00
343,150,6.00,77.99,45.00,21.00,12.00,41382.17,0.00,0.00
344,150,2.00,49.00,40.00,5.00,4.00,88157.45,0.00,0.00
345,150,5.00,79.01,57.00,12.00,10.00,82031.09,0.00,0.00
346,150,1.00,34.00,25.00,7.00,2.00,71026.01,0.00,0.00
347,150,5.00,72.00,39.00,23.00,10.00,37819.22,0.00,0.00
348,150,7.00,130.00,85.00,31.00,14.00,64910.76,0.00,0.00
349,150,3.00,88.00,71.00,11.00,6.00,39918.39,0.00,0.00
350,150,3.00,103.01,77.01,20.00,6.00,31587.21,0.00,0.00
351,150,4.00,106.96,79.97,18.99,8.00,32745.49,0.00,0.00
352,150,12.00,109.00,56.00,29.00,24.00,38506.38,0.00,0.00
353,150,2.00,78.02,62.01,12.00,4.00,20503.50,0.00,0.00
354,150,2.00,73.01,57.01,12.00,4.00,28352.44,0.00,0.00
355,150,3.00,57.98,36.99,15.00,6.00,49546.69,0.00,0.00
356,150,2.00,97.03,65.02,28.01,4.00,31587.21,0.00,0.00
357,150,1.00,43.00,26.00,15.00,2.00,39918.39,0.00,0.00
358,150,11.00,107.00,52.00,33.00,22.00,64910.76,0.00,0.00
359,150,8.00,105.01,68.00,21.00,16.00,82031.09,0.00,0.00
360,150,1.00,51.00,38.00,11.00,2.00,33946.25,0.00,0.00
361,150,6.00,110.00,78.00,20.00,12.00,85039.12,0.00,0.00
362,150,9.00,107.01,63.00,26.00,18.00,89759.24,0.00,0.00
363,150,8.00,86.00,52.00,18.00,16.00,100000.00,0.00,0.00
364,150,3.00,56.00,38.00,12.00,6.00,100000.00,0.00,0.00
365,150,2.00,89.00,74.00,11.00,4.00,21255.35,0.00,0.00
366,150,4.00,57.00,39.00,10.00,8.00,39918.39,0.00,0.00
367,150,3.00,113.02,89.01,18.00,6.00,54214.49,0.00,0.00
368,150,4.00,114.97,90.98,16.00,8.00,39206.03,0.00,0.00
369,150,2.00,113.02,93.01,16.00,4.00,37819.22,0.00,0.00
370,150,1.00,76.98,62.99,12.00,2.00,100000.00,0.00,0.00
371,150,1.00,84.00,77.00,5.00,2.00,15934.78,0.00,0.00
372,150,1.00,131.02,112.02,17.00,2.00,43679.10,0.00,0.00
373,150,1.00,97.01,77.00,18.00,2.00,98215.46,0.00,0.00
374,150,5.00,72.00,48.00,14.00,10.00,100000.00,0.00,0.00
375,150,0.00,86.99,72.99,14.00,0.00,0.00,0.00,0.00
376,150,0.00,44.00,35.00,9.00,0.00,0.00,0.00,0.00
377,150,4.00,96.00,82.00,6.00,8.00,100000.00,0.00,0.00
378,150,0.00,44.00,35.00,9.00,0.00,0.00,0.00,0.00
379,150,2.00,55.00,36.00,15.00,4.00,19778.24,0.00,0.00
380,150,3.00,74.99,40.99,28.00,6.00,25448.93,0.00,0.00
381,150,15.00,129.01,14.00,85.01,30.00,100000.00,0.00,0.00
382,150,5.00,20.00,3.00,7.00,10.00,63752.41,0.00,0.00
383,150,10.00,108.99,57.00,32.00,20.00,61497.34,0.00,0.00
384,150,10.00,165.02,108.01,37.00,20.00,41382.17,0.00,0.00
385,150,6.00,98.99,67.99,19.00,12.00,94741.35,0.00,0.00
386,150,4.00,145.00,121.00,16.00,8.00,33946.25,0.00,0.00
387,150,8.00,88.01,50.01,22.00,16.00,46103.52,0.00,0.00
388,150,1.00,67.99,62.00,4.00,2.00,36481.47,0.00,0.00
389,150,2.00,100.96,86.97,10.00,4.00,46103.52,0.00,0.00
390,150,2.00,59.03,52.02,3.00,4.00,60399.89,0.00,0.00
391,150,6.00,75.98,52.99,11.00,12.00,74968.33,0.00,0.00
392,150,0.00,64.01,57.01,7.00,0.00,0.00,0.00,0.00
393,150,10.00,108.99,56.99,32.00,20.00,91390.13,0.00,0.00
394,150,0.00,18.00,16.00,2.00,0.00,0.00,0.00,0.00
395,150,1.00,23.00,18.00,3.00,2.00,11523.48,0.00,0.00
396,150,3.00,49.01,36.00,7.00,6.00,30469.90,0.00,0.00
397,150,4.00,63.98,34.99,20.99,8.00,91390.13,0.00,0.00
398,150,1.00,63.00,47.00,14.00,2.00,32161.14,0.00,0.00
399,150,4.00,71.01,49.01,14.00,8.00,50446.94,0.00,0.00
400,150,9.00,73.00,23.00,32.00,18.00,61497.34,0.00,0.00
401,150,2.00,43.99,18.99,20.99,4.00,58263.41,0.00,0.00
402,150,7.00,73.00,42.00,17.00,14.00,100000.00,0.00,0.00
403,150,4.00,46.01,27.01,11.00,8.00,57223.68,0.00,0.00
404,150,6.00,66.98,40.99,14.00,12.00,100000.00,0.00,0.00
405,150,5.00,72.03,44.02,18.01,10.00,80567.22,0.00,0.00
406,150,2.00,74.99,60.99,10.00,4.00,52296.79,0.00,0.00
407,150,9.00,140.01,97.01,25.00,18.00,100000.00,0.00,0.00
408,150,3.00,88.99,71.99,11.00,6.00,63752.41,0.00,0.00
409,150,2.00,106.02,89.02,13.00,4.00,89759.24,0.00,0.00
410,150,1.00,86.97,76.97,8.00,2.00,100000.00,0.00,0.00
411,150,2.00,96.04,81.03,11.00,4.00,85039.12,0.00,0.00
412,150,1.00,79.00,68.00,9.00,2.00,25448.93,0.00,0.00
413,150,1.00,91.00,79.00,10.00,2.00,45280.79,0.00,0.00
414,150,9.00,114.99,46.00,51.00,18.00,33340.46,0.00,0.00
415,150,1.00,22.00,16.00,4.00,2.00,33946.25,0.00,0.00
416,150,5.00,57.00,26.00,21.00,10.00,100000.00,0.00,0.00
417,150,7.00,96.01,55.00,27.00,14.00,59322.03,0.00,0.00
418,150,7.00,102.00,68.00,20.00,14.00,66090.17,0.00,0.00
419,150,5.00,129.99,79.00,41.00,10.00,57223.68,0.00,0.00
420,150,3.00,54.00,35.00,13.00,6.00,46103.52,0.00,0.00
421,150,7.00,63.00,28.00,21.00,14.00,71026.01,0.00,0.00
422,150,6.00,88.01,52.01,24.00,12.00,74968.33,0.00,0.00
423,150,10.00,124.98,75.99,28.99,20.00,41382.17,0.00,0.00
424,150,5.00,85.01,64.01,11.00,10.00,49546.69,0.00,0.00
425,150,6.00,100.98,73.98,15.00,12.00,43679.10,0.00,0.00
426,150,3.00,81.02,67.02,8.00,6.00,45280.79,0.00,0.00
427,150,2.00,62.00,54.00,4.00,4.00,42899.63,0.00,0.00
428,150,8.00,128.98,85.98,26.99,16.00,66090.17,0.00,0.00
429,150,7.00,106.01,77.01,15.00,14.00,48662.51,0.00,0.00
430,150,8.00,119.96,82.97,20.99,15.99,72316.52,0.00,0.00
431,150,2.00,90.03,78.03,8.00,4.00,27846.48,0.00,0.00
432,150,3.00,106.00,80.00,20.00,6.00,35830.44,0.00,0.00
433,150,6.00,103.98,75.99,16.00,12.00,52296.79,0.00,0.00
434,150,2.00,60.01,44.01,12.00,4.00,44472.74,0.00,0.00
435,150,3.00,73.99,55.99,12.00,6.00,50446.94,0.00,0.00
436,150,1.00,73.01,57.01,14.00,2.00,37819.22,0.00,0.00
437,150,4.00,71.00,48.00,15.00,8.00,56202.50,0.00,0.00
438,150,3.00,97.99,78.99,13.00,6.00,59322.03,0.00,0.00
439,150,1.00,54.99,41.99,11.00,2.00,39206.03,0.00,0.00
440,150,7.00,89.02,47.01,28.01,14.00,33946.25,0.00,0.00
441,150,3.00,86.98,66.98,14.00,6.00,22842.77,0.00,0.00
442,150,2.00,50.02,38.01,8.00,4.00,51363.54,0.00,0.00
443,150,9.00,127.96,86.97,22.99,17.99,58263.41,0.00,0.00
444,150,4.00,72.02,54.02,10.00,8.00,83521.57,0.00,0.00
445,150,2.00,52.98,35.99,13.00,4.00,51363.54,0.00,0.00
446,150,6.00,114.05,76.03,26.01,12.00,38506.38,0.00,0.00
447,150,4.00,73.00,52.00,13.00,8.00,33340.46,0.00,0.00
448,150,5.00,70.98,46.99,14.00,10.00,67291.00,0.00,0.00
449,150,2.00,65.00,55.00,6.00,4.00,49546.69,0.00,0.00
450,150,3.00,60.01,38.01,16.00,6.00,36481.47,0.00,0.00
451,150,2.00,53.00,38.00,11.00,4.00,44472.74,0.00,0.00
452,150,5.00,62.00,39.00,13.00,10.00,60399.89,0.00,0.00
453,150,3.00,60.00,43.00,11.00,6.00,38506.38,0.00,0.00
454,150,3.00,64.00,43.00,15.00,6.00,49546.69,0.00,0.00
455,150,1.00,62.98,53.99,7.00,2.00,38506.38,0.00,0.00
456,150,2.00,46.00,32.00,10.00,4.00,54214.49,0.00,0.00
457,150,1.00,63.00,54.00,7.00,2.00,39918.39,0.00,0.00
458,150,10.00,112.99,62.00,31.00,20.00,64910.76,0.00,0.00
459,150,1.00,39.99,27.00,11.00,2.00,35830.44,0.00,0.00
460,150,2.00,71.04,56.03,11.01,4.00,41382.17,0.00,0.00
461,150,3.00,47.00,30.00,11.00,6.00,46941.21,0.00,0.00
462,150,6.00,69.00,41.00,16.00,12.00,79129.46,0.00,0.00
463,150,1.00,52.99,46.00,5.00,2.00,40643.69,0.00,0.00
464,150,2.00,59.01,41.00,14.00,4.00,43679.10,0.00,0.00
465,150,6.00,75.00,46.00,17.00,12.00,60399.89,0.00,0.00
466,150,1.00,41.00,28.00,11.00,2.00,39206.03,0.00,0.00
467,150,9.00,115.02,64.01,33.00,18.00,49546.69,0.00,0.00
468,150,5.00,83.00,55.00,18.00,10.00,48662.51,0.00,0.00
469,150,1.00,31.00,25.00,4.00,2.00,42134.07,0.00,0.00
470,150,1.00,91.99,72.99,17.00,2.00,41382.17,0.00,0.00
471,150,6.00,91.01,56.01,23.00,12.00,54214.49,0.00,0.00
472,150,0.00,41.99,30.99,11.00,0.00,0.00,0.00,0.00
473,150,6.00,80.01,52.01,16.00,12.00,54214.49,0.00,0.00
474,150,9.00,101.99,55.00,29.00,18.00,88157.45,0.00,0.00
475,150,2.00,78.01,68.01,6.00,4.00,67291.00,0.00,0.00
476,150,5.00,70.98,44.99,16.00,10.00,51363.54,0.00,0.00
477,150,3.00,98.02,67.02,25.01,6.00,46941.21,0.00,0.00
478,150,5.00,81.98,56.99,15.00,10.00,77717.37,0.00,0.00
479,150,2.00,65.01,54.01,7.00,4.00,39206.03,0.00,0.00
480,150,3.00,96.99,83.99,7.00,6.00,49546.69,0.00,0.00
481,150,2.00,106.01,89.01,13.00,4.00,37144.33,0.00,0.00
482,150,1.00,52.00,43.00,7.00,2.00,37144.33,0.00,0.00
483,150,5.00,98.00,58.00,30.00,10.00,51363.54,0.00,0.00
484,150,7.00,55.00,29.00,12.00,14.00,64910.76,0.00,0.00
485,150,5.00,46.99,23.99,13.00,10.00,64910.76,0.00,0.00
486,150,2.00,113.04,94.03,15.00,4.00,45280.79,0.00,0.00
487,150,8.00,86.99,46.00,25.00,16.00,44472.74,0.00,0.00
488,150,3.00,70.00,52.00,12.00,6.00,58263.41,0.00,0.00
489,150,6.00,84.98,59.99,13.00,12.00,72316.52,0.00,0.00
490,150,1.00,46.01,37.01,7.00,2.00,32161.14,0.00,0.00
491,150,4.00,89.01,63.00,18.00,8.00,42899.63,0.00,0.00
492,150,5.00,99.00,68.00,21.00,10.00,68513.65,0.00,0.00
493,150,2.00,68.00,54.00,10.00,4.00,41382.17,0.00,0.00
494,150,5.00,109.00,79.00,20.00,10.00,66090.17,0.00,0.00
495,150,1.00,59.01,50.00,7.00,2.00,42899.63,0.00,0.00
496,150,5.00,74.99,39.99,25.00,10.00,79129.46,0.00,0.00
497,150,6.00,82.01,53.01,17.00,12.00,53247.01,0.00,0.00
498,150,5.00,139.00,105.00,24.00,10.00,48662.51,0.00,0.00
499,150,4.00,70.00,46.00,16.00,8.00,56202.50,0.00,0.00
500,150,3.00,72.98,54.99,12.00,6.00,54214.49,0.00,0.00
501,150,4.00,96.02,64.01,24.00,8.00,46941.21,0.00,0.00
502,150,6.00,107.02,71.01,24.00,12.00,55199.54,0.00,0.00
503,150,4.00,71.98,49.99,14.00,8.00,56202.50,0.00,0.00
504,150,0.00,67.99,57.00,11.00,0.00,0.00,0.00,0.00
505,150,3.00,78.01,53.01,19.00,6.00,61497.34,0.00,0.00
506,150,4.00,85.98,62.99,15.00,8.00,58263.41,0.00,0.00
507,150,7.00,120.04,74.03,32.01,14.00,67291.00,0.00,0.00
508,150,2.00,61.00,39.00,18.00,4.00,28352.44,0.00,0.00
509,150,6.00,84.00,50.00,22.00,12.00,59322.03,0.00,0.00
510,150,2.00,55.00,39.00,12.00,4.00,56202.50,0.00,0.00
511,150,4.00,60.00,33.00,19.00,8.00,37819.22,0.00,0.00
512,150,1.00,36.00,30.00,4.00,2.00,46103.52,0.00,0.00
513,150,5.00,92.00,55.00,27.00,10.00,66090.17,0.00,0.00
514,150,0.00,24.00,20.00,4.00,0.00,0.00,0.00,0.00
515,150,2.00,61.99,47.99,10.00,4.00,53247.01,0.00,0.00
516,150,5.00,103.99,75.00,19.00,10.00,51363.54,0.00,0.00
517,150,5.00,66.02,45.01,11.00,10.00,52296.79,0.00,0.00
518,150,5.00,68.00,48.00,10.00,10.00,71026.01,0.00,0.00
519,150,2.00,33.00,24.00,5.00,4.00,32745.49,0.00,0.00
520,150,2.00,64.00,53.00,7.00,4.00,60399.89,0.00,0.00
521,150,1.00,63.97,54.98,7.00,2.00,53247.01,0.00,0.00
522,150,2.00,65.03,49.02,12.00,4.00,53247.01,0.00,0.00
523,150,2.00,38.99,30.99,4.00,4.00,69758.52,0.00,0.00
524,150,2.00,63.01,51.01,8.00,4.00,39918.39,0.00,0.00
525,150,3.00,66.00,51.00,9.00,6.00,68513.65,0.00,0.00
526,150,2.00,68.00,56.00,8.00,4.00,53247.01,0.00,0.00
527,150,4.00,67.00,48.00,11.00,8.00,49546.69,0.00,0.00
528,150,4.00,69.00,52.00,9.00,8.00,66090.17,0.00,0.00
529,150,9.00,158.00,95.00,45.00,18.00,74968.33,0.00,0.00
530,150,2.00,30.00,18.00,8.00,4.00,26861.48,0.00,0.00
531,150,1.00,43.00,28.00,13.00,2.00,42899.63,0.00,0.00
532,150,6.00,96.99,60.00,25.00,12.00,61497.34,0.00,0.00
533,150,1.00,93.01,83.01,8.00,2.00,38506.38,0.00,0.00
534,150,4.00,91.99,68.99,15.00,8.00,55199.54,0.00,0.00
535,150,6.00,110.99,66.99,32.00,12.00,45280.79,0.00,0.00
536,150,2.00,59.00,46.00,9.00,4.00,58263.41,0.00,0.00
537,150,7.00,113.03,68.02,31.01,14.00,52296.79,0.00,0.00
538,150,6.00,55.00,30.00,13.00,12.00,48662.51,0.00,0.00
539,150,0.00,21.00,17.00,4.00,0.00,0.00,0.00,0.00
540,150,2.00,32.00,19.00,9.00,4.00,85039.12,0.00,0.00
541,150,7.00,101.99,64.99,23.00,14.00,64910.76,0.00,0.00
542,150,2.00,49.99,34.00,12.00,4.00,42899.63,0.00,0.00
543,150,5.00,75.01,53.00,12.00,10.00,83521.57,0.00,0.00
544,150,4.00,87.01,52.00,27.00,8.00,50446.94,0.00,0.00
545,150,5.00,84.99,58.99,16.00,10.00,43679.10,0.00,0.00
546,150,5.00,82.01,55.00,17.00,10.00,49546.69,0.00,0.00
547,150,3.00,77.00,61.00,10.00,6.00,41382.17,0.00,0.00
548,150,9.00,106.00,63.00,25.00,18.00,62614.72,0.00,0.00
549,150,3.00,56.99,39.99,11.00,6.00,82031.09,0.00,0.00
550,150,2.00,43.01,29.01,10.00,4.00,57223.68,0.00,0.00
551,150,5.00,77.00,59.00,8.00,10.00,60399.89,0.00,0.00
552,150,2.00,73.98,60.98,9.00,4.00,34563.04,0.00,0.00
553,150,6.00,95.01,62.01,21.00,12.00,71026.01,0.00,0.00
554,150,5.00,100.02,74.01,16.00,10.00,77717.37,0.00,0.00
555,150,1.00,30.00,25.00,3.00,2.00,43679.10,0.00,0.00
556,150,3.00,58.00,42.00,10.00,6.00,49546.69,0.00,0.00
557,150,3.00,58.99,46.00,7.00,6.00,62614.72,0.00,0.00
558,150,3.00,86.00,71.00,9.00,6.00,58263.41,0.00,0.00
559,150,0.00,91.00,84.00,7.00,0.00,0.00,0.00,0.00
560,150,3.00,72.98,58.99,8.00,6.00,52296.79,0.00,0.00
561,150,6.00,137.04,109.03,16.00,12.00,71026.01,0.00,0.00
562,150,5.00,56.00,22.00,24.00,10.00,100000.00,0.00,0.00
563,150,2.00,38.99,27.00,8.00,4.00,61497.34,0.00,0.00
564,150,5.00,81.00,47.00,24.00,10.00,79129.46,0.00,0.00
565,150,2.00,51.99,33.99,14.00,4.00,82031.09,0.00,0.00
566,150,4.00,90.02,52.01,30.01,8.00,56202.50,0.00,0.00
567,150,2.00,52.00,42.00,6.00,4.00,28352.44,0.00,0.00
568,150,5.00,77.00,45.00,22.00,10.00,60399.89,0.00,0.00
569,150,5.00,105.00,68.00,27.00,10.00,69758.52,0.00,0.00
570,150,12.00,85.01,29.00,32.00,24.00,68513.65,0.00,0.00
571,150,2.00,66.98,51.98,11.00,4.00,36481.47,0.00,0.00
572,150,7.00,87.02,52.01,21.01,14.00,42899.63,0.00,0.00
573,150,3.00,53.00,32.00,15.00,6.00,66090.17,0.00,0.00
574,150,4.00,92.00,62.00,22.00,8.00,39918.39,0.00,0.00
575,150,5.00,90.00,60.00,20.00,10.00,82031.09,0.00,0.00
576,150,4.00,74.00,60.00,6.00,8.00,69758.52,0.00,0.00
577,150,4.00,58.01,40.00,10.00,8.00,43679.10,0.00,0.00
578,150,1.00,51.98,41.99,8.00,2.00,33340.46,0.00,0.00
579,150,0.00,27.01,23.01,4.00,0.00,0.00,0.00,0.00
580,150,2.00,57.01,46.00,7.00,4.00,51363.54,0.00,0.00
581,150,4.00,55.98,40.99,7.00,8.00,44472.74,0.00,0.00
582,150,3.00,68.00,52.00,10.00,6.00,39206.03,0.00,0.00
583,150,4.00,55.00,31.00,16.00,8.00,47794.11,0.00,0.00
584,150,2.00,52.02,39.01,9.00,4.00,47794.11,0.00,0.00
585,150,3.00,93.00,75.00,12.00,6.00,37144.33,0.00,0.00
586,150,1.00,58.00,50.00,6.00,2.00,37819.22,0.00,0.00
587,150,4.00,59.00,36.00,15.00,8.00,53247.01,0.00,0.00
588,150,2.00,62.01,45.01,13.00,4.00,36481.47,0.00,0.00
589,150,6.00,76.99,42.99,22.00,12.00,60399.89,0.00,0.00
590,150,3.00,53.01,39.01,8.00,6.00,50446.94,0.00,0.00
591,150,5.00,87.99,65.00,13.00,10.00,55199.54,0.00,0.00
592,150,4.00,82.00,59.00,15.00,8.00,58263.41,0.00,0.00
593,150,4.00,71.00,54.00,9.00,8.00,77717.37,0.00,0.00
594,150,4.00,68.00,44.00,16.00,8.00,44472.74,0.00,0.00
595,150,3.00,71.99,47.99,18.00,6.00,66090.17,0.00,0.00
596,150,6.00,77.01,53.01,12.00,12.00,72316.52,0.00,0.00
597,150,2.00,77.00,60.00,13.00,4.00,50446.94,0.00,0.00
598,150,3.00,54.00,38.00,10.00,6.00,51363.54,0.00,0.00
599,150,3.00,56.00,39.00,11.00,6.00,55199.54,0.00,0.00
600,150,1.00,48.00,38.00,8.00,2.00,34563.04,0.00,0.00
601,150,6.00,114.02,75.01,27.00,12.00,53247.01,0.00,0.00
602,150,3.00,50.00,34.00,10.00,6.00,45280.79,0.00,0.00
603,150,7.00,105.00,65.00,26.00,14.00,49546.69,0.00,0.00
604,150,6.00,68.00,42.00,14.00,12.00,63752.41,0.00,0.00
605,150,2.00,73.01,57.01,12.00,4.00,40643.69,0.00,0.00
606,150,2.00,56.99,42.00,11.00,4.00,21641.55,0.00,0.00
607,150,2.00,68.98,55.99,9.00,4.00,50446.94,0.00,0.00
608,150,4.00,81.01,58.01,15.00,8.00,55199.54,0.00,0.00
609,150,3.00,71.99,58.99,7.00,6.00,40643.69,0.00,0.00
610,150,2.00,55.01,41.01,10.00,4.00,48662.51,0.00,0.00
611,150,4.00,67.99,43.99,16.00,8.00,52296.79,0.00,0.00
612,150,5.00,69.02,42.01,17.01,10.00,47794.11,0.00,0.00
613,150,3.00,64.00,43.00,15.00,6.00,42899.63,0.00,0.00
614,150,5.00,80.00,55.00,15.00,10.00,53247.01,0.00,0.00
615,150,1.00,64.00,54.00,8.00,2.00,46103.52,0.00,0.00
616,150,1.00,33.00,26.00,5.00,2.00,54214.49,0.00,0.00
617,150,2.00,87.01,68.01,15.00,4.00,44472.74,0.00,0.00
618,150,1.00,53.00,44.00,7.00,2.00,45280.79,0.00,0.00
619,150,2.00,73.99,57.99,12.00,4.00,48662.51,0.00,0.00
620,150,5.00,64.01,36.00,18.00,10.00,58263.41,0.00,0.00
621,150,6.00,87.00,56.00,19.00,12.00,54214.49,0.00,0.00
622,150,6.00,84.00,54.00,18.00,12.00,54214.49,0.00,0.00
623,150,3.00,74.99,53.99,15.00,6.00,59322.03,0.00,0.00
624,150,8.00,93.01,50.01,27.00,16.00,46103.52,0.00,0.00
625,150,1.00,26.00,19.00,5.00,2.00,93050.66,0.00,0.00
626,150,3.00,107.99,80.99,21.00,6.00,64910.76,0.00,0.00
627,150,4.00,65.02,39.01,18.00,8.00,60399.89,0.00,0.00
628,150,4.00,64.00,46.00,10.00,8.00,57223.68,0.00,0.00
629,150,5.00,96.00,60.00,26.00,10.00,46941.21,0.00,0.00
630,150,2.00,47.00,39.00,4.00,4.00,48662.51,0.00,0.00
631,150,4.00,66.00,42.00,16.00,8.00,56202.50,0.00,0.00
632,150,1.00,64.00,49.00,13.00,2.00,56202.50,0.00,0.00
633,150,8.00,133.99,87.99,30.00,16.00,91390.13,0.00,0.00
634,150,3.00,40.00,27.00,7.00,6.00,38506.38,0.00,0.00
635,150,3.00,67.00,49.00,12.00,6.00,71026.01,0.00,0.00
636,150,4.00,54.00,33.00,13.00,8.00,74968.33,0.00,0.00
637,150,5.00,92.00,63.00,19.00,10.00,52296.79,0.00,0.00
638,150,6.00,92.97,64.98,16.00,12.00,58263.41,0.00,0.00
639,150,4.00,73.02,51.01,14.00,8.00,100000.00,0.00,0.00
640,150,4.00,96.98,68.99,20.00,8.00,48662.51,0.00,0.00
641,150,4.00,50.02,32.01,10.00,8.00,50446.94,0.00,0.00
642,150,3.00,106.99,74.00,27.00,6.00,50446.94,0.00,0.00
643,150,3.00,43.98,24.99,13.00,6.00,56202.50,0.00,0.00
644,150,3.00,61.02,42.01,13.00,6.00,39918.39,0.00,0.00
645,150,1.00,50.99,41.99,7.00,2.00,53247.01,0.00,0.00
646,150,4.00,71.00,46.00,17.00,8.00,53247.01,0.00,0.00
647,150,5.00,81.01,57.01,14.00,10.00,47794.11,0.00,0.00
648,150,0.00,36.00,32.00,4.00,0.00,0.00,0.00,0.00
649,150,4.00,60.98,46.98,6.00,8.00,61497.34,0.00,0.00
650,150,1.00,45.02,35.02,8.00,2.00,29392.11,0.00,0.00
651,150,2.00,50.00,38.00,8.00,4.00,59322.03,0.00,0.00
652,150,4.00,70.00,48.00,14.00,8.00,48662.51,0.00,0.00
653,150,5.00,68.98,41.99,16.99,10.00,82031.09,0.00,0.00
654,150,3.00,53.01,30.01,17.00,6.00,33946.25,0.00,0.00
655,150,2.00,53.00,43.00,6.00,4.00,34563.04,0.00,0.00
656,150,3.00,51.98,38.99,7.00,6.00,57223.68,0.00,0.00
657,150,2.00,66.02,52.02,10.00,4.00,58263.41,0.00,0.00
658,150,4.00,66.99,43.99,15.00,8.00,56202.50,0.00,0.00
659,150,0.00,32.00,30.00,2.00,0.00,0.00,0.00,0.00
660,150,3.00,56.99,44.99,6.00,6.00,55199.54,0.00,0.00
661,150,3.00,89.03,71.02,12.00,6.00,66090.17,0.00,0.00
662,150,1.00,52.00,39.00,11.00,2.00,48662.51,0.00,0.00
663,150,3.00,89.99,60.99,23.00,6.00,60399.89,0.00,0.00
664,150,4.00,68.00,48.00,12.00,8.00,91390.13,0.00,0.00
665,150,3.00,75.00,52.00,17.00,6.00,36481.47,0.00,0.00
666,150,4.00,60.99,40.99,12.00,8.00,80567.22,0.00,0.00
667,150,2.00,27.00,14.00,9.00,4.00,40643.69,0.00,0.00
668,150,2.00,65.99,40.99,21.00,4.00,54214.49,0.00,0.00
669,150,4.00,59.01,31.01,20.00,8.00,60399.89,0.00,0.00
670,150,5.00,109.00,78.00,21.00,10.00,69758.52,0.00,0.00
671,150,7.00,94.99,62.99,18.00,14.00,46103.52,0.00,0.00
672,150,6.00,94.02,57.01,25.00,12.00,49546.69,0.00,0.00
673,150,7.00,91.00,57.00,20.00,14.00,58263.41,0.00,0.00
674,150,2.00,54.00,43.00,7.00,4.00,54214.49,0.00,0.00
675,150,4.00,108.01,81.01,19.00,8.00,73630.49,0.00,0.00
676,150,4.00,51.99,30.99,13.00,8.00,64910.76,0.00,0.00
677,150,5.00,91.02,69.02,12.00,10.00,62614.72,0.00,0.00
678,150,4.00,94.97,64.98,21.99,8.00,58263.41,0.00,0.00
679,150,1.00,34.01,21.01,11.00,2.00,52296.79,0.00,0.00
680,150,4.00,108.99,78.00,23.00,8.00,53247.01,0.00,0.00
681,150,11.00,101.01,53.00,26.00,22.00,50446.94,0.00,0.00
682,150,1.00,42.00,36.00,4.00,2.00,48662.51,0.00,0.00
683,150,3.00,71.00,49.00,16.00,6.00,49546.69,0.00,0.00
684,150,2.00,69.00,56.00,9.00,4.00,55199.54,0.00,0.00
685,150,1.00,53.00,46.00,5.00,2.00,41382.17,0.00,0.00
686,150,4.00,90.00,64.00,18.00,8.00,59322.03,0.00,0.00
687,150,1.00,87.00,67.00,18.00,2.00,14827.42,0.00,0.00
688,150,3.00,55.00,32.00,17.00,6.00,79129.46,0.00,0.00
689,150,2.00,83.99,60.99,19.00,4.00,64910.76,0.00,0.00
690,150,4.00,61.01,39.01,14.00,8.00,53247.01,0.00,0.00
691,150,4.00,68.99,41.00,20.00,8.00,61497.34,0.00,0.00
692,150,4.00,92.00,67.00,17.00,8.00,52296.79,0.00,0.00
693,150,0.00,49.00,48.00,1.00,0.00,0.00,0.00,0.00
694,150,6.00,75.99,47.99,16.00,12.00,56202.50,0.00,0.00
695,150,5.00,73.00,45.00,18.00,10.00,41382.17,0.00,0.00
696,150,2.00,83.00,71.00,8.00,4.00,35191.04,0.00,0.00
697,150,9.00,109.00,67.00,24.00,18.00,62614.72,0.00,0.00
698,150,2.00,68.01,50.01,14.00,4.00,52296.79,0.00,0.00
699,150,6.00,111.00,70.00,29.00,12.00,76330.47,0.00,0.00
700,150,1.00,29.00,21.00,6.00,2.00,62614.72,0.00,0.00
701,150,7.00,91.99,54.00,24.00,14.00,62614.72,0.00,0.00
702,150,5.00,67.98,45.98,12.00,10.00,68513.65,0.00,0.00
703,150,4.00,88.01,65.01,15.00,8.00,38506.38,0.00,0.00
704,150,1.00,61.01,47.00,12.00,2.00,22034.77,0.00,0.00
705,150,4.00,94.03,76.03,10.00,8.00,50446.94,0.00,0.00
706,150,3.00,80.00,63.00,11.00,6.00,48662.51,0.00,0.00
707,150,6.00,95.00,48.00,35.00,12.00,48662.51,0.00,0.00
708,150,3.00,67.00,41.00,20.00,6.00,51363.54,0.00,0.00
709,150,3.00,77.99,60.99,11.00,6.00,68513.65,0.00,0.00
710,150,2.00,48.00,38.00,6.00,4.00,46941.21,0.00,0.00
711,150,6.00,82.00,50.00,20.00,12.00,91390.13,0.00,0.00
712,150,1.00,36.99,31.99,3.00,2.00,73630.49,0.00,0.00
713,150,2.00,59.00,46.00,9.00,4.00,60399.89,0.00,0.00
714,150,3.00,59.01,45.01,8.00,6.00,33946.25,0.00,0.00
715,150,4.00,54.00,38.00,8.00,8.00,42134.07,0.00,0.00
716,150,3.00,45.98,31.99,8.00,6.00,74968.33,0.00,0.00
717,150,1.00,55.02,47.02,6.00,2.00,73630.49,0.00,0.00
718,150,4.00,50.99,31.00,12.00,8.00,85039.12,0.00,0.00
719,150,4.00,62.98,43.99,11.00,8.00,47794.11,0.00,0.00
720,150,2.00,54.02,44.02,6.00,4.00,46103.52,0.00,0.00
721,150,2.00,47.00,34.00,9.00,4.00,39206.03,0.00,0.00
722,150,5.00,79.00,52.00,17.00,10.00,53247.01,0.00,0.00
723,150,4.00,61.00,36.00,17.00,8.00,61497.34,0.00,0.00
724,150,4.00,51.98,32.99,11.00,8.00,53247.01,0.00,0.00
725,150,2.00,66.02,50.02,12.00,4.00,60399.89,0.00,0.00
726,150,2.00,45.00,32.00,9.00,4.00,43679.10,0.00,0.00
727,150,3.00,56.98,46.99,4.00,6.00,94741.35,0.00,0.00
728,150,6.00,111.02,78.02,21.00,12.00,96462.77,0.00,0.00
729,150,2.00,39.00,28.00,7.00,4.00,56202.50,0.00,0.00
730,150,3.00,71.00,55.00,10.00,6.00,35830.44,0.00,0.00
731,150,5.00,102.02,71.01,21.00,10.00,63752.41,0.00,0.00
732,150,1.00,68.98,55.98,11.00,2.00,85039.12,0.00,0.00
733,150,8.00,109.03,60.02,33.01,16.00,52296.79,0.00,0.00
734,150,8.00,95.00,54.00,25.00,16.00,62614.72,0.00,0.00
735,150,3.00,72.98,53.99,13.00,6.00,43679.10,0.00,0.00
736,150,1.00,82.03,76.02,4.00,2.00,74968.33,0.00,0.00
737,150,0.00,48.98,45.98,3.00,0.00,0.00,0.00,0.00
738,150,1.00,91.02,71.02,18.00,2.00,52296.79,0.00,0.00
739,150,2.00,78.00,58.00,16.00,4.00,33340.46,0.00,0.00
740,150,11.00,125.96,60.98,42.99,21.99,64910.76,0.00,0.00
741,150,6.00,37.01,12.00,13.00,12.00,44472.74,0.00,0.00
742,150,3.00,42.00,25.00,11.00,6.00,46941.21,0.00,0.00
743,150,1.00,47.98,34.99,11.00,2.00,31587.21,0.00,0.00
744,150,1.00,92.03,81.02,9.00,2.00,41382.17,0.00,0.00
745,150,5.00,81.99,53.99,18.00,10.00,58263.41,0.00,0.00
746,150,5.00,50.01,25.00,15.00,10.00,48662.51,0.00,0.00
747,150,4.00,66.00,47.00,11.00,8.00,58263.41,0.00,0.00
748,150,1.00,41.00,36.00,3.00,2.00,52296.79,0.00,0.00
749,150,5.00,118.98,91.99,17.00,10.00,80567.22,0.00,0.00
750,150,5.00,72.01,38.01,24.00,10.00,43679.10,0.00,0.00
751,150,4.00,73.97,52.98,12.99,8.00,31023.52,0.00,0.00
752,150,1.00,48.01,39.01,7.00,2.00,62614.72,0.00,0.00
753,150,2.00,60.01,36.01,20.00,4.00,50446.94,0.00,0.00
754,150,6.00,76.98,45.99,18.99,12.00,57223.68,0.00,0.00
755,150,1.00,50.02,39.01,9.00,2.00,39918.39,0.00,0.00
756,150,4.00,77.00,48.00,21.00,8.00,49546.69,0.00,0.00
757,150,2.00,57.00,46.00,7.00,4.00,73630.49,0.00,0.00
758,150,1.99,79.64,68.69,6.97,3.98,32161.14,0.00,0.00
759,150,3.01,66.30,50.23,10.05,6.03,68513.65,0.00,0.00
760,150,2.00,51.00,38.00,9.00,4.00,58263.41,0.00,0.00
761,150,1.00,70.99,57.99,11.00,2.00,63752.41,0.00,0.00
762,150,3.00,73.01,43.01,24.00,6.00,59322.03,0.00,0.00
763,150,6.00,88.00,45.00,31.00,12.00,67291.00,0.00,0.00
764,150,6.00,56.00,31.00,13.00,12.00,72316.52,0.00,0.00
765,150,2.00,51.00,39.00,8.00,4.00,67291.00,0.00,0.00
766,150,1.00,56.00,48.00,6.00,2.00,44472.74,0.00,0.00
767,150,4.00,83.00,58.00,17.00,8.00,56202.50,0.00,0.00
768,150,2.00,53.00,35.00,14.00,4.00,27349.55,0.00,0.00
769,150,2.00,76.97,54.98,17.99,4.00,41382.17,0.00,0.00
770,150,6.00,62.02,36.01,14.01,12.00,57223.68,0.00,0.00
771,150,4.00,64.00,42.00,14.00,8.00,67291.00,0.00,0.00
772,150,6.00,79.00,52.00,15.00,12.00,80567.22,0.00,0.00
773,150,2.00,44.00,31.00,9.00,4.00,58263.41,0.00,0.00
774,150,3.00,65.00,46.00,13.00,6.00,72316.52,0.00,0.00
775,150,4.00,58.98,39.99,11.00,8.00,66090.17,0.00,0.00
776,150,3.00,77.01,58.01,13.00,6.00,57223.68,0.00,0.00
777,150,3.00,81.01,63.01,12.00,6.00,55199.54,0.00,0.00
778,150,2.00,33.00,21.00,8.00,4.00,48662.51,0.00,0.00
779,150,1.00,33.00,28.00,3.00,2.00,33946.25,0.00,0.00
780,150,8.00,83.00,43.00,24.00,16.00,71026.01,0.00,0.00
781,150,3.00,46.00,34.00,6.00,6.00,57223.68,0.00,0.00
782,150,2.00,47.00,37.00,6.00,4.00,46941.21,0.00,0.00
783,150,1.00,53.00,45.00,6.00,2.00,42134.07,0.00,0.00
784,150,4.00,81.00,55.00,18.00,8.00,49546.69,0.00,0.00
785,150,0.00,45.00,36.00,9.00,0.00,0.00,0.00,0.00
786,150,2.00,39.99,27.00,9.00,4.00,40643.69,0.00,0.00
787,150,3.00,70.01,53.00,11.00,6.00,71026.01,0.00,0.00
788,150,9.00,78.02,33.01,27.01,18.00,62614.72,0.00,0.00
789,150,4.00,67.00,44.00,15.00,8.00,60399.89,0.00,0.00
790,150,0.00,26.00,23.00,3.00,0.00,0.00,0.00,0.00
791,150,5.00,68.00,38.00,20.00,10.00,60399.89,0.00,0.00
792,150,2.00,66.00,49.00,13.00,4.00,50446.94,0.00,0.00
793,150,1.00,52.00,44.00,6.00,2.00,46941.21,0.00,0.00
794,150,2.00,52.00,41.00,7.00,4.00,39918.39,0.00,0.00
795,150,2.00,41.99,34.99,3.00,4.00,72316.52,0.00,0.00
796,150,1.00,65.01,52.01,11.00,2.00,74968.33,0.00,0.00
797,150,8.00,84.01,37.00,31.00,16.00,61497.34,0.00,0.00
798,150,5.00,51.00,30.00,11.00,10.00,57223.68,0.00,0.00
799,150,1.00,51.00,41.00,8.00,2.00,12163.09,0.00,0.00
800,150,4.00,67.97,52.98,7.00,8.00,54214.49,0.00,0.00
801,150,2.00,55.02,44.02,7.00,4.00,46941.21,0.00,0.00
802,150,0.00,32.00,27.00,5.00,0.00,0.00,0.00,0.00
803,150,4.00,85.99,59.99,18.00,8.00,61497.34,0.00,0.00
804,150,4.00,60.98,39.99,13.00,8.00,93050.66,0.00,0.00
805,150,3.00,75.04,62.03,7.00,6.00,54214.49,0.00,0.00
806,150,5.00,78.98,55.99,13.00,10.00,68513.65,0.00,0.00
807,150,1.00,63.00,53.00,8.00,2.00,53247.01,0.00,0.00
808,150,2.00,69.98,56.98,9.00,4.00,73630.49,0.00,0.00
809,150,4.00,80.03,48.02,24.01,8.00,79129.46,0.00,0.00
810,150,1.00,74.00,56.00,16.00,2.00,66090.17,0.00,0.00
811,150,5.00,71.00,45.00,16.00,10.00,77717.37,0.00,0.00
812,150,3.00,80.98,64.98,10.00,6.00,57223.68,0.00,0.00
813,150,0.00,40.01,33.01,7.00,0.00,0.00,0.00,0.00
814,150,3.00,103.99,80.00,18.00,6.00,66090.17,0.00,0.00
815,150,6.00,49.00,16.00,21.00,12.00,48662.51,0.00,0.00
816,150,0.00,22.00,20.00,2.00,0.00,0.00,0.00,0.00
817,150,3.00,67.98,49.98,12.00,6.00,52296.79,0.00,0.00
818,150,0.00,28.01,23.01,5.00,0.00,0.00,0.00,0.00
819,150,1.00,30.00,20.00,8.00,2.00,69758.52,0.00,0.00
820,150,3.00,46.98,29.99,11.00,6.00,58263.41,0.00,0.00
821,150,3.00,62.02,40.02,16.01,6.00,48662.51,0.00,0.00
822,150,5.00,66.99,40.99,16.00,10.00,100000.00,0.00,0.00
823,150,5.00,65.01,44.01,11.00,10.00,66090.17,0.00,0.00
824,150,2.00,29.00,18.00,7.00,4.00,74968.33,0.00,0.00
825,150,11.00,140.96,89.98,28.99,21.99,55199.54,0.00,0.00
826,150,5.00,49.00,25.00,14.00,10.00,79129.46,0.00,0.00
827,150,2.00,33.01,19.01,10.00,4.00,71026.01,0.00,0.00
828,150,5.00,79.01,57.00,12.00,10.00,63752.41,0.00,0.00
829,150,1.00,72.00,55.00,15.00,2.00,55199.54,0.00,0.00
830,150,5.00,45.00,19.00,16.00,10.00,80567.22,0.00,0.00
831,150,5.00,67.98,37.99,19.99,10.00,48662.51,0.00,0.00
832,150,6.00,95.01,62.01,21.00,12.00,61497.34,0.00,0.00
833,150,3.00,55.99,39.99,10.00,6.00,42899.63,0.00,0.00
834,150,6.00,85.01,58.01,15.00,12.00,64910.76,0.00,0.00
835,150,2.00,77.01,58.01,15.00,4.00,46941.21,0.00,0.00
836,150,1.00,57.98,43.98,12.00,2.00,44472.74,0.00,0.00
837,150,7.00,135.03,98.02,23.01,14.00,100000.00,0.00,0.00
838,150,3.00,58.00,36.00,16.00,6.00,67291.00,0.00,0.00
839,150,3.00,71.00,49.00,16.00,6.00,51363.54,0.00,0.00
840,150,4.00,58.00,37.00,13.00,8.00,100000.00,0.00,0.00
841,150,5.00,62.00,38.00,14.00,10.00,53247.01,0.00,0.00
842,150,0.00,34.00,29.00,5.00,0.00,0.00,0.00,0.00
843,150,4.00,79.00,58.00,13.00,8.00,66090.17,0.00,0.00
844,150,4.00,91.00,71.00,12.00,8.00,44472.74,0.00,0.00
845,150,3.00,37.99,23.00,9.00,6.00,44472.74,0.00,0.00
846,150,4.00,75.01,48.00,19.00,8.00,61497.34,0.00,0.00
847,150,2.00,40.01,29.00,7.00,4.00,85039.12,0.00,0.00
848,150,7.00,84.00,49.00,21.00,14.00,51363.54,0.00,0.00
849,150,0.00,36.99,32.99,4.00,0.00,0.00,0.00,0.00
850,150,0.00,62.01,52.01,10.00,0.00,0.00,0.00,0.00
851,150,2.00,47.00,34.00,9.00,4.00,57223.68,0.00,0.00
852,150,3.00,84.00,66.00,12.00,6.00,42899.63,0.00,0.00
853,150,3.00,47.99,33.00,9.00,6.00,45280.79,0.00,0.00
854,150,6.00,104.01,82.01,10.00,12.00,79129.46,0.00,0.00
855,150,6.00,88.99,60.00,17.00,12.00,71026.01,0.00,0.00
856,150,2.00,46.01,38.01,4.00,4.00,77717.37,0.00,0.00
857,150,2.00,91.99,78.99,9.00,4.00,33946.25,0.00,0.00
858,150,0.00,36.00,33.00,3.00,0.00,0.00,0.00,0.00
859,150,0.00,62.00,59.00,3.00,0.00,0.00,0.00,0.00
860,150,2.00,54.00,39.00,11.00,4.00,46103.52,0.00,0.00
861,150,4.00,42.00,16.00,18.00,8.00,74968.33,0.00,0.00
862,150,1.00,44.00,35.00,7.00,2.00,91390.13,0.00,0.00
863,150,2.00,50.00,37.00,9.00,4.00,66090.17,0.00,0.00
864,150,5.00,66.00,35.00,21.00,10.00,40643.69,0.00,0.00
865,150,0.00,26.00,21.00,5.00,0.00,0.00,0.00,0.00
866,150,2.00,48.99,35.00,10.00,4.00,77717.37,0.00,0.00
867,150,2.00,46.99,33.99,9.00,4.00,60399.89,0.00,0.00
868,150,0.00,30.00,29.00,1.00,0.00,0.00,0.00,0.00
869,150,0.00,65.00,61.00,4.00,0.00,0.00,0.00,0.00
870,150,1.00,25.00,17.00,6.00,2.00,47794.11,0.00,0.00
871,150,3.00,60.00,43.00,11.00,6.00,64910.76,0.00,0.00
872,150,0.00,49.01,40.01,9.00,0.00,0.00,0.00,0.00
873,150,4.00,105.00,76.00,21.00,8.00,52296.79,0.00,0.00
874,150,4.00,65.98,38.99,18.99,8.00,60399.89,0.00,0.00
875,150,7.00,109.04,59.02,36.01,14.01,56202.50,0.00,0.00
876,150,6.00,36.00,16.00,8.00,12.00,100000.00,0.00,0.00
877,150,3.00,32.99,18.00,9.00,6.00,79129.46,0.00,0.00
878,150,3.00,93.01,65.00,22.00,6.00,55199.54,0.00,0.00
879,150,0.00,31.00,23.00,8.00,0.00,0.00,0.00,0.00
880,150,2.00,42.00,22.00,16.00,4.00,47794.11,0.00,0.00
881,150,4.00,66.99,38.99,20.00,8.00,60399.89,0.00,0.00
882,150,4.00,46.00,25.00,13.00,8.00,57223.68,0.00,0.00
883,150,3.00,56.98,34.99,16.00,6.00,68513.65,0.00,0.00
884,150,4.00,35.00,19.00,8.00,8.00,62614.72,0.00,0.00
885,150,5.00,89.00,56.00,23.00,10.00,63752.41,0.00,0.00
886,150,2.00,50.02,35.01,11.00,4.00,45280.79,0.00,0.00
887,150,3.00,74.00,58.00,10.00,6.00,66090.17,0.00,0.00
888,150,3.00,97.99,84.99,7.00,6.00,61497.34,0.00,0.00
889,150,5.00,61.98,27.99,23.99,10.00,64910.76,0.00,0.00
890,150,6.00,59.02,36.01,11.00,12.00,50446.94,0.00,0.00
891,150,3.00,42.00,30.00,6.00,6.00,91390.13,0.00,0.00
892,150,3.00,55.00,40.00,9.00,6.00,61497.34,0.00,0.00
893,150,6.00,82.01,50.01,20.00,12.00,64910.76,0.00,0.00
894,150,1.00,47.00,41.00,4.00,2.00,62614.72,0.00,0.00
895,150,2.00,65.98,48.98,13.00,4.00,69758.52,0.00,0.00
896,150,3.00,88.03,69.02,13.00,6.00,72316.52,0.00,0.00
897,150,0.00,41.00,37.00,4.00,0.00,0.00,0.00,0.00
898,150,1.00,50.00,37.00,11.00,2.00,55199.54,0.00,0.00
899,150,6.00,98.00,62.00,24.00,12.00,66090.17,0.00,0.00
900,150,3.00,51.00,35.00,10.00,6.00,80567.22,0.00,0.00
901,150,5.00,75.00,56.00,9.00,10.00,72316.52,0.00,0.00
902,150,4.00,69.00,46.00,15.00,8.00,54214.49,0.00,0.00
903,150,4.00,82.98,56.99,18.00,8.00,72316.52,0.00,0.00
904,150,3.00,52.01,30.01,16.00,6.00,100000.00,0.00,0.00
905,150,3.00,45.00,27.00,12.00,6.00,56202.50,0.00,0.00
906,150,5.00,79.98,48.99,21.00,10.00,64910.76,0.00,0.00
907,150,7.00,90.02,57.01,19.00,14.00,74968.33,0.00,0.00
908,150,2.00,45.00,32.00,9.00,4.00,47794.11,0.00,0.00
909,150,0.00,33.99,29.99,4.00,0.00,0.00,0.00,0.00
910,150,1.00,48.01,36.01,10.00,2.00,34563.04,0.00,0.00
911,150,3.00,57.00,37.00,14.00,6.00,82031.09,0.00,0.00
912,150,8.00,76.00,37.00,23.00,16.00,74968.33,0.00,0.00
913,150,2.00,58.00,42.00,12.00,4.00,57223.68,0.00,0.00
914,150,5.00,82.00,54.00,18.00,10.00,66090.17,0.00,0.00
915,150,1.00,74.00,63.00,9.00,2.00,23257.82,0.00,0.00
916,150,2.00,86.00,69.00,13.00,4.00,61497.34,0.00,0.00
917,150,5.00,74.00,48.00,16.00,10.00,68513.65,0.00,0.00
918,150,4.00,67.00,46.00,13.00,8.00,57223.68,0.00,0.00
919,150,2.00,61.99,49.99,8.00,4.00,44472.74,0.00,0.00
920,150,4.00,47.01,31.01,8.00,8.00,100000.00,0.00,0.00
921,150,6.00,68.00,38.00,18.00,12.00,57223.68,0.00,0.00
922,150,4.00,60.99,45.99,7.00,8.00,89759.24,0.00,0.00
923,150,7.00,79.99,48.00,18.00,14.00,77717.37,0.00,0.00
924,150,3.00,43.00,31.00,6.00,6.00,80567.22,0.00,0.00
925,150,2.00,50.01,38.01,8.00,4.00,61497.34,0.00,0.00
926,150,2.00,58.00,37.00,17.00,4.00,51363.54,0.00,0.00
927,150,3.00,52.00,38.00,8.00,6.00,63752.41,0.00,0.00
928,150,1.00,68.01,56.01,10.00,2.00,29392.11,0.00,0.00
929,150,2.00,45.00,33.00,8.00,4.00,33340.46,0.00,0.00
930,150,3.00,58.00,46.00,6.00,6.00,93050.66,0.00,0.00
931,150,3.00,69.98,50.98,13.00,6.00,45280.79,0.00,0.00
932,150,2.00,50.00,42.00,4.00,4.00,57223.68,0.00,0.00
933,150,2.00,54.01,42.01,8.00,4.00,55199.54,0.00,0.00
934,150,2.00,50.00,36.00,10.00,4.00,77717.37,0.00,0.00
935,150,0.00,46.98,37.98,9.00,0.00,0.00,0.00,0.00
936,150,7.00,74.03,41.02,19.01,14.01,62614.72,0.00,0.00
937,150,1.00,58.99,48.99,8.00,2.00,47794.11,0.00,0.00
938,150,2.00,55.02,39.01,12.00,4.00,48662.51,0.00,0.00
939,150,2.00,50.00,36.00,10.00,4.00,49546.69,0.00,0.00
940,150,2.00,51.00,40.00,7.00,4.00,77717.37,0.00,0.00
941,150,2.00,42.00,25.00,13.00,4.00,47794.11,0.00,0.00
942,150,4.00,66.00,38.00,20.00,8.00,67291.00,0.00,0.00
943,150,2.00,43.00,34.00,5.00,4.00,69758.52,0.00,0.00
944,150,1.00,39.99,32.99,5.00,2.00,36481.47,0.00,0.00
945,150,4.00,72.02,47.01,17.00,8.00,56202.50,0.00,0.00
946,150,2.00,58.99,44.99,10.00,4.00,38506.38,0.00,0.00
947,150,2.00,57.02,43.01,10.00,4.00,47794.11,0.00,0.00
948,150,1.00,44.99,35.99,7.00,2.00,44472.74,0.00,0.00
949,150,2.00,54.00,38.00,12.00,4.00,38506.38,0.00,0.00
950,150,1.00,42.01,30.00,10.00,2.00,58263.41,0.00,0.00
951,150,6.00,65.00,27.00,26.00,12.00,66090.17,0.00,0.00
952,150,6.00,67.00,39.00,16.00,12.00,79129.46,0.00,0.00
953,150,2.00,46.00,28.00,14.00,4.00,79129.46,0.00,0.00
954,150,4.00,61.00,40.00,13.00,8.00,73630.49,0.00,0.00
955,150,7.00,59.99,33.00,13.00,14.00,80567.22,0.00,0.00
956,150,6.00,85.01,53.01,20.00,12.00,71026.01,0.00,0.00
957,150,3.00,53.00,34.00,13.00,6.00,73630.49,0.00,0.00
958,150,4.00,51.99,32.99,11.00,8.00,56202.50,0.00,0.00
959,150,0.00,36.00,34.00,2.00,0.00,0.00,0.00,0.00
960,150,2.00,38.00,29.00,5.00,4.00,72316.52,0.00,0.00
961,150,0.00,27.99,23.99,4.00,0.00,0.00,0.00,0.00
962,150,4.00,70.01,52.00,10.00,8.00,54214.49,0.00,0.00
963,150,2.00,56.99,46.99,6.00,4.00,66090.17,0.00,0.00
964,150,2.00,47.00,36.00,7.00,4.00,73630.49,0.00,0.00
965,150,5.00,70.02,49.02,11.00,10.00,58263.41,0.00,0.00
966,150,1.00,71.00,61.00,8.00,2.00,72316.52,0.00,0.00
967,150,1.00,45.00,31.00,12.00,2.00,85039.12,0.00,0.00
968,150,4.00,57.00,32.00,17.00,8.00,63752.41,0.00,0.00
969,150,5.00,69.98,50.98,9.00,10.00,62614.72,0.00,0.00
970,150,1.00,54.97,46.98,6.00,2.00,67291.00,0.00,0.00
971,150,2.00,51.04,41.03,6.00,4.00,91390.13,0.00,0.00
972,150,3.00,60.97,47.98,7.00,6.00,69758.52,0.00,0.00
973,150,1.00,37.01,30.01,5.00,2.00,68513.65,0.00,0.00
974,150,5.00,93.01,60.01,23.00,10.00,57223.68,0.00,0.00
975,150,1.00,56.00,42.00,12.00,2.00,56202.50,0.00,0.00
976,150,3.00,66.00,48.00,12.00,6.00,85039.12,0.00,0.00
977,150,1.00,50.99,46.00,3.00,2.00,60399.89,0.00,0.00
978,150,1.00,65.01,61.01,2.00,2.00,58263.41,0.00,0.00
979,150,1.00,69.99,59.99,8.00,2.00,66090.17,0.00,0.00
980,150,5.00,55.00,32.00,13.00,10.00,79129.46,0.00,0.00
981,150,3.00,59.97,38.98,14.99,6.00,59322.03,0.00,0.00
982,150,1.00,54.01,32.01,20.00,2.00,77717.37,0.00,0.00
983,150,5.00,66.02,40.01,16.00,10.00,64910.76,0.00,0.00
984,150,5.00,63.00,38.00,15.00,10.00,53247.01,0.00,0.00
985,150,6.00,78.97,46.98,19.99,12.00,79129.46,0.00,0.00
986,150,5.00,83.02,57.01,16.00,10.00,63752.41,0.00,0.00
987,150,1.00,45.00,33.00,10.00,2.00,47794.11,0.00,0.00
988,150,4.00,95.00,66.00,21.00,8.00,71026.01,0.00,0.00
989,150,2.00,36.00,25.00,7.00,4.00,71026.01,0.00,0.00
990,150,2.00,56.00,36.00,16.00,4.00,64910.76,0.00,0.00
991,150,2.00,78.98,55.99,19.00,4.00,73630.49,0.00,0.00
992,150,2.00,69.02,52.02,13.00,4.00,36481.47,0.00,0.00
993,150,1.00,39.00,26.00,11.00,2.00,71026.01,0.00,0.00
994,150,3.00,64.00,44.00,14.00,6.00,52296.79,0.00,0.00
995,150,4.00,73.01,51.00,14.00,8.00,58263.41,0.00,0.00
996,150,1.00,42.99,32.99,8.00,2.00,44472.74,0.00,0.00
997,150,8.00,81.01,48.01,17.00,16.00,85039.12,0.00,0.00
998,150,2.00,62.99,45.00,14.00,4.00,62614.72,0.00,0.00
999,150,4.00,70.00,41.00,21.00,8.00,52296.79,0.00,0.00
1000,150,5.00,64.98,37.99,17.00,10.00,72316.52,0.00,0.00
1001,150,3.00,62.02,41.01,15.00,6.00,67291.00,0.00,0.00
1002,150,0.00,28.99,24.99,4.00,0.00,0.00,0.00,0.00
1003,150,5.00,73.02,53.01,10.00,10.00,80567.22,0.00,0.00
1004,150,6.00,83.99,52.00,20.00,12.00,80567.22,0.00,0.00
1005,150,3.00,37.00,28.00,3.00,6.00,82031.09,0.00,0.00
1006,150,2.00,38.00,27.00,7.00,4.00,79129.46,0.00,0.00
1007,150,3.00,60.99,40.99,14.00,6.00,85039.12,0.00,0.00
1008,150,4.00,91.01,74.01,9.00,8.00,56202.50,0.00,0.00
1009,150,2.00,62.00,37.00,21.00,4.00,73630.49,0.00,0.00
1010,150,2.00,57.00,45.00,8.00,4.00,54214.49,0.00,0.00
1011,150,4.00,57.98,35.99,14.00,8.00,74968.33,0.00,0.00
1012,150,4.00,51.01,27.01,16.00,8.00,46941.21,0.00,0.00
1013,150,4.00,69.00,45.00,16.00,8.00,82031.09,0.00,0.00
1014,150,4.00,57.99,38.99,11.00,8.00,47794.11,0.00,0.00
1015,150,4.00,67.01,48.01,11.00,8.00,48662.51,0.00,0.00
1016,150,2.00,49.00,37.00,8.00,4.00,73630.49,0.00,0.00
1017,150,1.00,76.95,61.96,12.99,2.00,32745.49,0.00,0.00
1018,150,1.00,37.02,27.02,8.00,2.00,0.00,0.00,0.00
1019,150,5.00,62.01,34.01,18.00,10.00,68513.65,0.00,0.00
1020,150,3.00,55.99,38.00,12.00,6.00,52296.79,0.00,0.00
1021,150,4.00,59.00,37.00,14.00,8.00,79129.46,0.00,0.00
1022,150,4.00,61.00,45.00,8.00,8.00,80567.22,0.00,0.00
1023,150,2.00,63.00,49.00,10.00,4.00,39918.39,0.00,0.00
1024,150,1.00,43.00,32.00,9.00,2.00,36481.47,0.00,0.00
1025,150,4.00,55.99,37.99,10.00,8.00,69758.52,0.00,0.00
1026,150,4.00,56.01,37.01,11.00,8.00,93050.66,0.00,0.00
1027,150,3.00,75.98,56.98,13.00,6.00,100000.00,0.00,0.00
1028,150,2.00,42.00,33.00,5.00,4.00,63752.41,0.00,0.00
1029,150,1.00,41.01,38.01,1.00,2.00,88157.45,0.00,0.00
1030,150,3.00,63.00,54.00,3.00,6.00,98215.46,0.00,0.00
1031,150,3.00,47.00,33.00,8.00,6.00,79129.46,0.00,0.00
1032,150,0.00,49.00,41.00,8.00,0.00,0.00,0.00,0.00
1033,150,0.00,49.00,45.00,4.00,0.00,0.00,0.00,0.00
1034,150,2.00,48.00,35.00,9.00,4.00,66090.17,0.00,0.00
1035,150,2.00,48.00,34.00,10.00,4.00,72316.52,0.00,0.00
1036,150,0.00,51.01,46.01,5.00,0.00,0.00,0.00,0.00
1037,150,4.00,64.99,47.00,10.00,8.00,86584.25,0.00,0.00
1038,150,0.00,48.00,41.00,7.00,0.00,0.00,0.00,0.00
1039,150,1.00,59.00,46.00,11.00,2.00,56202.50,0.00,0.00
1040,150,7.00,97.97,44.99,38.99,14.00,54214.49,0.00,0.00
1041,150,4.00,26.01,12.00,6.00,8.00,57223.68,0.00,0.00
1042,150,5.00,45.00,26.00,9.00,10.00,47794.11,0.00,0.00
1043,150,2.00,41.00,30.00,7.00,4.00,54214.49,0.00,0.00
1044,150,1.00,36.00,25.00,9.00,2.00,82031.09,0.00,0.00
1045,150,1.00,39.01,26.00,11.00,2.00,91390.13,0.00,0.00
1046,150,3.00,48.00,31.00,11.00,6.00,60399.89,0.00,0.00
1047,150,3.00,50.00,36.00,8.00,6.00,61497.34,0.00,0.00
1048,150,1.00,44.99,39.99,3.00,2.00,46941.21,0.00,0.00
1049,150,1.00,38.01,27.01,9.00,2.00,27846.48,0.00,0.00
1050,150,0.00,36.00,35.00,1.00,0.00,0.00,0.00,0.00
1051,150,3.00,55.00,30.00,19.00,6.00,69758.52,0.00,0.00
1052,150,4.00,63.00,37.00,18.00,8.00,98215.46,0.00,0.00
1053,150,4.00,51.00,31.00,12.00,8.00,69758.52,0.00,0.00
1054,150,1.00,51.00,33.00,16.00,2.00,22842.77,0.00,0.00
1055,150,9.00,96.01,54.00,24.00,18.00,74968.33,0.00,0.00
1056,150,2.00,32.00,18.00,10.00,4.00,60399.89,0.00,0.00
1057,150,1.00,36.00,29.00,5.00,2.00,58263.41,0.00,0.00
1058,150,3.00,54.99,39.99,9.00,6.00,83521.57,0.00,0.00
1059,150,6.00,70.01,40.01,18.00,12.00,100000.00,0.00,0.00
1060,150,4.00,54.99,29.99,17.00,8.00,48662.51,0.00,0.00
1061,150,2.00,79.03,60.02,15.00,4.00,79129.46,0.00,0.00
1062,150,3.00,66.00,51.00,9.00,6.00,64910.76,0.00,0.00
1063,150,2.00,41.99,30.99,7.00,4.00,68513.65,0.00,0.00
1064,150,4.00,41.01,22.00,11.00,8.00,79129.46,0.00,0.00
1065,150,3.00,72.01,56.00,10.00,6.00,85039.12,0.00,0.00
1066,150,2.00,66.00,51.00,11.00,4.00,73630.49,0.00,0.00
1067,150,4.00,52.00,29.00,15.00,8.00,54214.49,0.00,0.00
1068,150,1.00,49.99,40.99,7.00,2.00,52296.79,0.00,0.00
1069,150,4.00,78.01,49.01,21.00,8.00,69758.52,0.00,0.00
1070,150,7.00,67.99,36.99,17.00,14.00,69758.52,0.00,0.00
1071,150,3.00,71.02,56.02,9.00,6.00,61497.34,0.00,0.00
1072,150,1.00,32.00,26.00,4.00,2.00,64910.76,0.00,0.00
1073,150,1.00,74.00,66.00,6.00,2.00,68513.65,0.00,0.00
1074,150,5.00,57.00,26.00,21.00,10.00,83521.57,0.00,0.00
1075,150,4.00,40.00,22.00,10.00,8.00,66090.17,0.00,0.00
1076,150,1.00,47.99,42.99,3.00,2.00,62614.72,0.00,0.00
1077,150,2.00,47.01,38.00,5.00,4.00,63752.41,0.00,0.00
1078,150,0.00,65.00,58.00,7.00,0.00,0.00,0.00,0.00
1079,150,1.00,67.98,60.98,5.00,2.00,100000.00,0.00,0.00
1080,150,0.00,32.01,27.01,5.00,0.00,0.00,0.00,0.00
1081,150,6.00,66.00,42.00,12.00,12.00,94741.35,0.00,0.00
1082,150,4.00,71.00,49.00,14.00,8.00,85039.12,0.00,0.00
1083,150,3.00,55.00,27.00,22.00,6.00,66090.17,0.00,0.00
1084,150,0.00,43.00,35.00,8.00,0.00,0.00,0.00,0.00
1085,150,4.00,51.00,31.00,12.00,8.00,61497.34,0.00,0.00
1086,150,3.00,59.00,45.00,8.00,6.00,96462.77,0.00,0.00
1087,150,2.00,32.00,24.00,4.00,4.00,46103.52,0.00,0.00
1088,150,2.00,43.00,29.00,10.00,4.00,67291.00,0.00,0.00
1089,150,2.00,44.00,32.00,8.00,4.00,48662.51,0.00,0.00
1090,150,2.00,80.00,57.00,19.00,4.00,42134.07,0.00,0.00
1091,150,2.00,43.00,28.00,11.00,4.00,83521.57,0.00,0.00
1092,150,5.00,74.00,45.00,19.00,10.00,79129.46,0.00,0.00
1093,150,4.00,47.00,25.00,14.00,8.00,77717.37,0.00,0.00
1094,150,3.00,53.00,38.00,9.00,6.00,48662.51,0.00,0.00
1095,150,2.00,41.99,26.99,11.00,4.00,48662.51,0.00,0.00
1096,150,3.00,47.02,32.01,9.00,6.00,55199.54,0.00,0.00
1097,150,5.00,86.98,48.99,28.00,10.00,85039.12,0.00,0.00
1098,150,5.00,40.00,19.00,11.00,10.00,100000.00,0.00,0.00
1099,150,4.00,85.00,58.00,19.00,8.00,100000.00,0.00,0.00
1100,150,4.00,39.00,25.00,6.00,8.00,69758.52,0.00,0.00
1101,150,1.00,37.00,28.00,7.00,2.00,39918.39,0.00,0.00
1102,150,2.00,64.99,49.99,11.00,4.00,82031.09,0.00,0.00
1103,150,1.00,50.00,43.00,5.00,2.00,63752.41,0.00,0.00
1104,150,6.00,78.02,48.01,18.00,12.00,83521.57,0.00,0.00
1105,150,5.00,86.99,63.99,13.00,10.00,85039.12,0.00,0.00
1106,150,1.00,28.00,22.00,4.00,2.00,54214.49,0.00,0.00
1107,150,1.00,39.01,30.00,7.00,2.00,58263.41,0.00,0.00
1108,150,0.00,49.00,45.00,4.00,0.00,0.00,0.00,0.00
1109,150,1.00,52.00,43.00,7.00,2.00,58263.41,0.00,0.00
1110,150,2.00,43.00,34.00,5.00,4.00,91390.13,0.00,0.00
1111,150,0.00,58.00,44.00,14.00,0.00,0.00,0.00,0.00
1112,150,6.00,90.98,48.99,29.99,12.00,98215.46,0.00,0.00
1113,150,2.00,25.01,15.00,6.00,4.00,86584.25,0.00,0.00
1114,150,3.00,41.00,28.00,7.00,6.00,72316.52,0.00,0.00
1115,150,2.00,41.99,26.99,11.00,4.00,53247.01,0.00,0.00
1116,150,1.00,49.02,36.01,11.00,2.00,62614.72,0.00,0.00
1117,150,4.00,56.00,33.00,15.00,8.00,100000.00,0.00,0.00
1118,150,1.00,62.98,54.98,6.00,2.00,36481.47,0.00,0.00
1119,150,1.00,37.01,27.01,8.00,2.00,44472.74,0.00,0.00
1120,150,4.00,59.00,37.00,14.00,8.00,56202.50,0.00,0.00
1121,150,6.00,62.00,29.00,21.00,12.00,100000.00,0.00,0.00
1122,150,2.00,33.00,24.00,5.00,4.00,67291.00,0.00,0.00
1123,150,6.00,66.99,42.99,12.00,12.00,68513.65,0.00,0.00
1124,150,1.00,60.01,51.01,7.00,2.00,47794.11,0.00,0.00
1125,150,3.00,36.00,19.00,11.00,6.00,73630.49,0.00,0.00
1126,150,4.00,55.99,31.99,16.00,8.00,80567.22,0.00,0.00
1127,150,3.00,76.02,46.01,24.01,6.00,79129.46,0.00,0.00
1128,150,5.00,52.99,30.00,13.00,10.00,64910.76,0.00,0.00
1129,150,2.00,47.99,37.00,7.00,4.00,45280.79,0.00,0.00
1130,150,3.00,63.02,47.02,10.00,6.00,66090.17,0.00,0.00
1131,150,3.00,64.98,49.99,9.00,6.00,74968.33,0.00,0.00
1132,150,4.00,53.00,32.00,13.00,8.00,57223.68,0.00,0.00
1133,150,2.00,38.01,24.00,10.00,4.00,58263.41,0.00,0.00
1134,150,0.00,38.99,34.99,4.00,0.00,0.00,0.00,0.00
1135,150,2.00,55.01,43.01,8.00,4.00,100000.00,0.00,0.00
1136,150,0.00,51.98,42.98,9.00,0.00,0.00,0.00,0.00
1137,150,1.00,55.02,46.02,7.00,2.00,39206.03,0.00,0.00
1138,150,4.00,61.99,36.99,17.00,8.00,68513.65,0.00,0.00
1139,150,1.00,22.00,18.00,2.00,2.00,72316.52,0.00,0.00
1140,150,6.00,75.99,47.00,17.00,12.00,77717.37,0.00,0.00
1141,150,3.00,39.00,24.00,9.00,6.00,85039.12,0.00,0.00
1142,150,0.00,35.00,33.00,2.00,0.00,0.00,0.00,0.00
1143,150,1.00,39.00,29.00,8.00,2.00,85039.12,0.00,0.00
1144,150,3.00,50.00,36.00,8.00,6.00,85039.12,0.00,0.00
1145,150,2.00,41.00,28.00,9.00,4.00,63752.41,0.00,0.00
1146,150,0.00,37.00,31.00,6.00,0.00,0.00,0.00,0.00
1147,150,2.00,59.00,45.00,10.00,4.00,54214.49,0.00,0.00
1148,150,2.00,38.00,26.00,8.00,4.00,66090.17,0.00,0.00
1149,150,2.00,36.00,16.00,16.00,4.00,80567.22,0.00,0.00
1150,150,3.00,43.99,28.00,10.00,6.00,71026.01,0.00,0.00
1151,150,4.00,38.01,23.00,7.00,8.00,62614.72,0.00,0.00
1152,150,5.00,59.00,38.00,11.00,10.00,69758.52,0.00,0.00
1153,150,5.00,76.00,53.00,13.00,10.00,89759.24,0.00,0.00
1154,150,2.00,37.99,25.99,8.00,4.00,83521.57,0.00,0.00
1155,150,4.00,62.01,44.01,10.00,8.00,73630.49,0.00,0.00
1156,150,3.00,58.97,42.98,10.00,6.00,74968.33,0.00,0.00
1157,150,3.00,54.03,35.02,13.01,6.00,89759.24,0.00,0.00
1158,150,1.00,66.00,56.00,8.00,2.00,46103.52,0.00,0.00
1159,150,5.00,66.00,45.00,11.00,10.00,100000.00,0.00,0.00
1160,150,0.00,53.00,47.00,6.00,0.00,0.00,0.00,0.00
1161,150,2.00,38.99,27.00,8.00,4.00,60399.89,0.00,0.00
1162,150,5.00,90.01,58.01,22.00,10.00,74968.33,0.00,0.00
1163,150,2.00,73.00,54.00,15.00,4.00,98215.46,0.00,0.00
1164,150,4.00,70.97,45.98,16.99,8.00,66090.17,0.00,0.00
1165,150,1.00,26.01,21.01,3.00,2.00,43679.10,0.00,0.00
1166,150,3.00,79.00,60.00,13.00,6.00,74968.33,0.00,0.00
1167,150,5.00,82.00,56.00,16.00,10.00,67291.00,0.00,0.00
1168,150,3.00,36.99,20.00,11.00,6.00,39918.39,0.00,0.00
1169,150,6.00,53.01,26.01,15.00,12.00,72316.52,0.00,0.00
1170,150,1.00,40.00,31.00,7.00,2.00,53247.01,0.00,0.00
1171,150,3.00,51.99,36.00,10.00,6.00,72316.52,0.00,0.00
1172,150,2.00,30.00,21.00,5.00,4.00,59322.03,0.00,0.00
1173,150,5.00,86.00,60.00,16.00,10.00,100000.00,0.00,0.00
1174,150,5.00,63.00,40.00,13.00,10.00,67291.00,0.00,0.00
1175,150,4.00,73.98,59.98,6.00,8.00,80567.22,0.00,0.00
1176,150,0.00,53.02,44.01,9.00,0.00,0.00,0.00,0.00
1177,150,2.00,37.99,23.00,11.00,4.00,62614.72,0.00,0.00
1178,150,2.00,80.00,59.00,17.00,4.00,61497.34,0.00,0.00
1179,150,3.00,49.00,33.00,10.00,6.00,96462.77,0.00,0.00
1180,150,2.00,47.00,34.00,9.00,4.00,59322.03,0.00,0.00
1181,150,2.00,42.99,29.00,10.00,4.00,82031.09,0.00,0.00
1182,150,7.00,98.04,59.03,25.01,14.01,69758.52,0.00,0.00
1183,150,1.00,53.99,46.99,5.00,2.00,89759.24,0.00,0.00
1184,150,1.00,32.00,24.00,6.00,2.00,32745.49,0.00,0.00
1185,150,3.00,85.98,67.99,12.00,6.00,85039.12,0.00,0.00
1186,150,0.00,47.01,40.01,7.00,0.00,0.00,0.00,0.00
1187,150,3.00,49.98,32.99,11.00,6.00,60399.89,0.00,0.00
1188,150,5.00,53.01,26.01,17.00,10.00,83521.57,0.00,0.00
1189,150,3.00,52.99,35.99,11.00,6.00,68513.65,0.00,0.00
1190,150,1.00,53.01,39.01,12.00,2.00,39918.39,0.00,0.00
1191,150,5.00,78.98,46.99,22.00,10.00,59322.03,0.00,0.00
1192,150,1.00,48.99,41.99,5.00,2.00,59322.03,0.00,0.00
1193,150,3.00,59.03,40.02,13.01,6.00,91390.13,0.00,0.00
1194,150,1.00,42.00,37.00,3.00,2.00,38506.38,0.00,0.00
1195,150,0.00,56.00,42.00,14.00,0.00,0.00,0.00,0.00
1196,150,1.00,38.99,31.99,5.00,2.00,37819.22,0.00,0.00
1197,150,0.00,29.01,21.01,8.00,0.00,0.00,0.00,0.00
1198,150,2.00,62.00,46.00,12.00,4.00,58263.41,0.00,0.00
1199,150,1.00,50.99,40.99,8.00,2.00,45280.79,0.00,0.00
1200,150,3.00,78.99,62.99,10.00,6.00,100000.00,0.00,0.00
1201,150,5.00,69.02,46.02,13.00,10.00,77717.37,0.00,0.00
1202,150,3.00,86.98,66.99,14.00,6.00,74968.33,0.00,0.00
1203,150,2.00,48.01,33.00,11.00,4.00,89759.24,0.00,0.00
1204,150,1.00,48.99,42.99,4.00,2.00,29392.11,0.00,0.00
1205,150,7.00,95.01,45.00,36.00,14.00,73630.49,0.00,0.00
1206,150,2.00,32.00,26.00,2.00,4.00,85039.12,0.00,0.00
1207,150,5.00,77.02,57.01,10.00,10.00,67291.00,0.00,0.00
1208,150,8.00,103.00,61.00,26.00,16.00,77717.37,0.00,0.00
1209,150,0.00,16.00,13.00,3.00,0.00,0.00,0.00,0.00
1210,150,1.00,19.00,14.00,3.00,2.00,30469.90,0.00,0.00
1211,150,1.00,36.01,29.01,5.00,2.00,80567.22,0.00,0.00
1212,150,2.00,35.00,20.00,11.00,4.00,85039.12,0.00,0.00
1213,150,0.00,19.00,19.00,0.00,0.00,0.00,0.00,0.00
1214,150,8.00,83.02,41.01,26.00,16.00,91390.13,0.00,0.00
1215,150,2.00,39.00,26.00,9.00,4.00,47794.11,0.00,0.00
1216,150,3.00,51.00,33.00,12.00,6.00,80567.22,0.00,0.00
1217,150,8.00,66.00,29.00,21.00,16.00,73630.49,0.00,0.00
1218,150,5.00,64.00,43.00,11.00,10.00,50446.94,0.00,0.00
1219,150,0.00,25.00,19.00,6.00,0.00,0.00,0.00,0.00
1220,150,1.00,45.98,35.98,8.00,2.00,53247.01,0.00,0.00
1221,150,2.00,52.02,38.02,10.00,4.00,98215.46,0.00,0.00
1222,150,2.00,61.00,49.00,8.00,4.00,53247.01,0.00,0.00
1223,150,3.00,36.00,24.00,6.00,6.00,100000.00,0.00,0.00
1224,150,5.00,51.00,28.00,13.00,10.00,72316.52,0.00,0.00
1225,150,1.00,26.00,17.00,7.00,2.00,49546.69,0.00,0.00
1226,150,0.00,44.00,41.00,3.00,0.00,0.00,0.00,0.00
1227,150,3.00,44.99,22.99,16.00,6.00,53247.01,0.00,0.00
1228,150,1.00,35.01,24.00,9.00,2.00,71026.01,0.00,0.00
1229,150,2.00,48.00,33.00,11.00,4.00,62614.72,0.00,0.00
1230,150,2.00,44.00,28.00,12.00,4.00,98215.46,0.00,0.00
1231,150,4.00,45.00,26.00,11.00,8.00,62614.72,0.00,0.00
1232,150,1.00,37.00,32.00,3.00,2.00,63752.41,0.00,0.00
1233,150,1.00,25.99,20.99,3.00,2.00,59322.03,0.00,0.00
1234,150,3.00,65.02,44.02,15.01,6.00,94741.35,0.00,0.00
1235,150,2.00,53.99,40.99,9.00,4.00,55199.54,0.00,0.00
1236,150,3.00,66.02,46.01,14.00,6.00,68513.65,0.00,0.00
1237,150,4.00,57.99,40.00,10.00,8.00,83521.57,0.00,0.00
1238,150,1.00,23.00,16.00,5.00,2.00,71026.01,0.00,0.00
1239,150,3.00,45.00,29.00,10.00,6.00,76330.47,0.00,0.00
1240,150,1.00,31.00,22.00,7.00,2.00,42899.63,0.00,0.00
1241,150,3.00,39.00,26.00,7.00,6.00,76330.47,0.00,0.00
1242,150,0.00,30.00,26.00,4.00,0.00,0.00,0.00,0.00
1243,150,2.00,38.00,25.00,9.00,4.00,94741.35,0.00,0.00
1244,150,9.00,91.00,49.00,24.00,18.00,100000.00,0.00,0.00
1245,150,5.00,72.00,49.00,13.00,10.00,83521.57,0.00,0.00
1246,150,0.00,28.00,23.00,5.00,0.00,0.00,0.00,0.00
1247,150,1.00,36.00,28.00,6.00,2.00,40643.69,0.00,0.00
1248,150,3.00,59.00,44.00,9.00,6.00,100000.00,0.00,0.00
1249,150,0.00,49.00,39.00,10.00,0.00,0.00,0.00,0.00
1250,150,3.00,39.99,27.00,7.00,6.00,76330.47,0.00,0.00
1251,150,1.00,45.00,35.00,8.00,2.00,66090.17,0.00,0.00
1252,150,2.00,52.01,41.00,7.00,4.00,69758.52,0.00,0.00
1253,150,2.00,53.99,38.99,11.00,4.00,47794.11,0.00,0.00
1254,150,2.00,51.02,39.01,8.00,4.00,66090.17,0.00,0.00
1255,150,2.00,66.99,53.99,9.00,4.00,66090.17,0.00,0.00
1256,150,2.00,43.01,32.01,7.00,4.00,48662.51,0.00,0.00
1257,150,2.00,44.00,31.00,9.00,4.00,56202.50,0.00,0.00
1258,150,4.00,56.98,36.99,12.00,8.00,89759.24,0.00,0.00
1259,150,6.00,70.03,42.02,16.01,12.01,80567.22,0.00,0.00
1260,150,1.00,35.00,30.00,3.00,2.00,94741.35,0.00,0.00
1261,150,1.00,44.00,35.00,7.00,2.00,60399.89,0.00,0.00
1262,150,2.00,52.99,39.99,9.00,4.00,38506.38,0.00,0.00
1263,150,3.00,70.00,50.00,14.00,6.00,69758.52,0.00,0.00
1264,150,1.00,47.98,36.99,9.00,2.00,100000.00,0.00,0.00
1265,150,4.00,75.04,57.03,10.00,8.00,77717.37,0.00,0.00
1266,150,3.00,51.00,39.00,6.00,6.00,57223.68,0.00,0.00
1267,150,4.00,74.00,58.00,8.00,8.00,93050.66,0.00,0.00
1268,150,3.00,50.00,32.00,12.00,6.00,69758.52,0.00,0.00
1269,150,4.00,77.99,44.99,25.00,8.00,66090.17,0.00,0.00
1270,150,1.00,43.99,32.99,9.00,2.00,63752.41,0.00,0.00
1271,150,3.00,39.01,17.01,16.00,6.00,77717.37,0.00,0.00
1272,150,5.00,54.99,32.00,13.00,10.00,94741.35,0.00,0.00
1273,150,1.00,36.01,27.01,7.00,2.00,49546.69,0.00,0.00
1274,150,5.00,46.00,20.00,16.00,10.00,71026.01,0.00,0.00
1275,150,4.00,56.01,39.00,9.00,8.00,100000.00,0.00,0.00
1276,150,4.00,63.99,41.00,15.00,8.00,76330.47,0.00,0.00
1277,150,5.00,81.00,60.00,11.00,10.00,77717.37,0.00,0.00
1278,150,1.00,38.00,33.00,3.00,2.00,72316.52,0.00,0.00
1279,150,0.00,31.00,27.00,4.00,0.00,0.00,0.00,0.00
1280,150,1.00,44.01,37.00,5.00,2.00,66090.17,0.00,0.00
1281,150,1.00,48.00,40.00,6.00,2.00,56202.50,0.00,0.00
1282,150,3.00,61.00,42.00,13.00,6.00,63752.41,0.00,0.00
1283,150,1.00,32.00,18.00,12.00,2.00,51363.54,0.00,0.00
1284,150,2.00,57.00,45.00,8.00,4.00,60399.89,0.00,0.00
1285,150,1.00,44.00,37.00,5.00,2.00,48662.51,0.00,0.00
1286,150,6.00,74.98,47.99,15.00,12.00,79129.46,0.00,0.00
1287,150,2.00,42.01,31.01,7.00,4.00,63752.41,0.00,0.00
1288,150,2.00,63.97,42.98,16.99,4.00,51363.54,0.00,0.00
1289,150,2.00,29.00,18.00,7.00,4.00,67291.00,0.00,0.00
1290,150,5.00,62.03,34.01,18.01,10.00,76330.47,0.00,0.00
1291,150,2.00,65.00,45.00,16.00,4.00,46941.21,0.00,0.00
1292,150,2.00,51.99,33.00,15.00,4.00,46941.21,0.00,0.00
1293,150,2.00,40.00,29.00,7.00,4.00,55199.54,0.00,0.00
1294,150,2.00,53.00,35.00,14.00,4.00,57223.68,0.00,0.00
1295,150,4.00,49.00,31.00,10.00,8.00,86584.25,0.00,0.00
1296,150,4.00,54.00,32.00,14.00,8.00,71026.01,0.00,0.00
1297,150,5.00,73.00,48.00,15.00,10.00,63752.41,0.00,0.00
1298,150,3.00,44.98,31.99,7.00,6.00,80567.22,0.00,0.00
1299,150,3.00,43.01,32.01,5.00,6.00,77717.37,0.00,0.00
1300,150,1.00,47.98,39.98,6.00,2.00,28867.59,0.00,0.00
1301,150,0.00,30.01,29.01,1.00,0.00,0.00,0.00,0.00
1302,150,1.00,83.01,72.01,9.00,2.00,67291.00,0.00,0.00
1303,150,7.00,91.96,62.97,14.99,13.99,93050.66,0.00,0.00
1304,150,2.00,32.01,24.01,4.00,4.00,96462.77,0.00,0.00
1305,150,1.00,52.00,46.00,4.00,2.00,60399.89,0.00,0.00
1306,150,5.00,40.00,14.00,16.00,10.00,72316.52,0.00,0.00
1307,150,2.00,32.00,19.00,9.00,4.00,51363.54,0.00,0.00
1308,150,3.00,83.98,59.99,18.00,6.00,88157.45,0.00,0.00
1309,150,2.00,49.01,39.00,6.00,4.00,49546.69,0.00,0.00
1310,150,0.00,39.00,32.00,7.00,0.00,0.00,0.00,0.00
1311,150,6.00,56.01,27.00,17.00,12.00,93050.66,0.00,0.00
1312,150,5.00,64.99,39.99,15.00,10.00,100000.00,0.00,0.00
1313,150,2.00,68.00,49.00,15.00,4.00,80567.22,0.00,0.00
1314,150,1.00,29.00,21.00,6.00,2.00,39206.03,0.00,0.00
1315,150,0.00,33.01,28.01,5.00,0.00,0.00,0.00,0.00
1316,150,7.00,85.99,52.00,20.00,14.00,100000.00,0.00,0.00
1317,150,1.00,45.00,36.00,7.00,2.00,38506.38,0.00,0.00
1318,150,2.00,60.00,51.00,5.00,4.00,98215.46,0.00,0.00
1319,150,2.00,53.00,41.00,8.00,4.00,53247.01,0.00,0.00
1320,150,1.00,45.00,32.00,11.00,2.00,56202.50,0.00,0.00
1321,150,2.00,43.99,32.00,8.00,4.00,73630.49,0.00,0.00
1322,150,2.00,45.01,33.00,8.00,4.00,59322.03,0.00,0.00
1323,150,0.00,54.00,50.00,4.00,0.00,0.00,0.00,0.00
1324,150,1.00,40.99,32.99,6.00,2.00,79129.46,0.00,0.00
1325,150,2.00,37.01,16.00,17.00,4.00,50446.94,0.00,0.00
1326,150,2.00,23.00,14.00,5.00,4.00,60399.89,0.00,0.00
1327,150,4.00,48.99,31.00,10.00,8.00,68513.65,0.00,0.00
1328,150,1.00,78.00,66.00,10.00,2.00,62614.72,0.00,0.00
1329,150,2.00,43.00,24.00,15.00,4.00,79129.46,0.00,0.00
1330,150,0.00,14.00,11.00,3.00,0.00,0.00,0.00,0.00
1331,150,0.00,40.01,36.01,4.00,0.00,0.00,0.00,0.00
1332,150,2.00,36.00,27.00,5.00,4.00,100000.00,0.00,0.00
1333,150,2.00,46.99,27.99,15.00,4.00,26382.13,0.00,0.00
1334,150,0.00,15.01,13.00,2.00,0.00,0.00,0.00,0.00
1335,150,0.00,35.00,31.00,4.00,0.00,0.00,0.00,0.00
1336,150,1.00,24.00,18.00,4.00,2.00,54214.49,0.00,0.00
1337,150,3.00,41.00,26.00,9.00,6.00,73630.49,0.00,0.00
1338,150,1.00,36.00,30.00,4.00,2.00,53247.01,0.00,0.00
1339,150,3.00,36.00,20.00,10.00,6.00,67291.00,0.00,0.00
1340,150,0.00,25.00,17.00,8.00,0.00,0.00,0.00,0.00
1341,150,4.00,42.00,21.00,13.00,8.00,77717.37,0.00,0.00
1342,150,2.00,34.00,22.00,8.00,4.00,89759.24,0.00,0.00
1343,150,4.00,38.00,15.00,15.00,8.00,68513.65,0.00,0.00
1344,150,2.00,49.00,32.00,13.00,4.00,61497.34,0.00,0.00
1345,150,5.00,59.00,29.00,20.00,10.00,96462.77,0.00,0.00
1346,150,5.00,58.00,32.00,16.00,10.00,93050.66,0.00,0.00
1347,150,2.00,38.00,25.00,9.00,4.00,62614.72,0.00,0.00
1348,150,0.00,33.00,26.00,7.00,0.00,0.00,0.00,0.00
1349,150,3.00,49.98,32.99,11.00,6.00,62614.72,0.00,0.00
1350,150,5.00,53.00,31.00,12.00,10.00,91390.13,0.00,0.00
1351,150,2.00,41.01,30.01,7.00,4.00,64910.76,0.00,0.00
1352,150,5.00,49.01,22.00,17.00,10.00,100000.00,0.00,0.00
1353,150,1.00,24.99,21.99,1.00,2.00,37144.33,0.00,0.00
1354,150,1.00,37.01,29.01,6.00,2.00,37819.22,0.00,0.00
1355,150,4.00,60.00,41.00,11.00,8.00,74968.33,0.00,0.00
1356,150,2.00,36.00,26.00,6.00,4.00,80567.22,0.00,0.00
1357,150,3.00,40.00,30.00,4.00,6.00,80567.22,0.00,0.00
1358,150,5.00,63.99,43.00,11.00,10.00,100000.00,0.00,0.00
1359,150,1.00,37.00,29.00,6.00,2.00,71026.01,0.00,0.00
1360,150,0.00,25.00,23.00,2.00,0.00,0.00,0.00,0.00
1361,150,0.00,33.00,29.00,4.00,0.00,0.00,0.00,0.00
1362,150,4.00,60.00,42.00,10.00,8.00,100000.00,0.00,0.00
1363,150,2.00,42.00,33.00,5.00,4.00,91390.13,0.00,0.00
1364,150,4.00,68.00,44.00,16.00,8.00,86584.25,0.00,0.00
1365,150,1.00,27.00,20.00,5.00,2.00,100000.00,0.00,0.00
1366,150,1.00,35.00,27.00,6.00,2.00,67291.00,0.00,0.00
1367,150,4.00,64.99,42.99,14.00,8.00,79129.46,0.00,0.00
1368,150,2.00,45.01,33.01,8.00,4.00,96462.77,0.00,0.00
1369,150,7.00,89.00,48.00,27.00,14.00,100000.00,0.00,0.00
1370,150,1.00,23.00,14.00,7.00,2.00,68513.65,0.00,0.00
1371,150,0.00,41.00,34.00,7.00,0.00,0.00,0.00,0.00
1372,150,3.00,40.00,27.00,7.00,6.00,82031.09,0.00,0.00
1373,150,6.00,57.00,29.00,16.00,12.00,82031.09,0.00,0.00
1374,150,4.00,60.96,38.97,13.99,7.99,85039.12,0.00,0.00
1375,150,1.00,42.03,34.03,6.00,2.00,46103.52,0.00,0.00
1376,150,3.00,43.00,31.00,6.00,6.00,66090.17,0.00,0.00
1377,150,6.00,113.00,84.00,17.00,12.00,100000.00,0.00,0.00
1378,150,1.00,27.00,19.00,6.00,2.00,41382.17,0.00,0.00
1379,150,1.00,49.00,40.00,7.00,2.00,88157.45,0.00,0.00
1380,150,2.00,50.00,37.00,9.00,4.00,73630.49,0.00,0.00
1381,150,4.00,68.01,50.00,10.00,8.00,89759.24,0.00,0.00
1382,150,4.00,62.98,44.98,10.00,8.00,79129.46,0.00,0.00
1383,150,0.00,42.01,33.01,9.00,0.00,0.00,0.00,0.00
1384,150,1.00,31.99,24.99,5.00,2.00,68513.65,0.00,0.00
1385,150,4.00,59.01,34.00,17.00,8.00,82031.09,0.00,0.00
1386,150,3.00,67.00,49.00,12.00,6.00,77717.37,0.00,0.00
1387,150,0.00,34.00,28.00,6.00,0.00,0.00,0.00,0.00
1388,150,2.00,61.00,42.00,15.00,4.00,71026.01,0.00,0.00
1389,150,1.00,30.00,27.00,1.00,2.00,89759.24,0.00,0.00
1390,150,2.00,66.00,54.00,8.00,4.00,91390.13,0.00,0.00
1391,150,1.00,49.00,40.00,7.00,2.00,32161.14,0.00,0.00
1392,150,2.00,50.00,33.00,13.00,4.00,80567.22,0.00,0.00
1393,150,1.00,31.00,20.00,9.00,2.00,46941.21,0.00,0.00
1394,150,0.00,30.00,27.00,3.00,0.00,0.00,0.00,0.00
1395,150,3.00,51.00,40.00,5.00,6.00,100000.00,0.00,0.00
1396,150,0.00,34.00,26.00,8.00,0.00,0.00,0.00,0.00
1397,150,1.00,41.99,36.99,3.00,2.00,74968.33,0.00,0.00
1398,150,2.00,66.00,54.00,8.00,4.00,83521.57,0.00,0.00
1399,150,1.00,36.00,29.00,5.00,2.00,69758.52,0.00,0.00
1400,150,2.00,63.98,31.99,27.99,4.00,82031.09,0.00,0.00
1401,150,1.00,10.00,5.00,3.00,2.00,51363.54,0.00,0.00
1402,150,2.00,30.99,20.99,6.00,4.00,59322.03,0.00,0.00
1403,150,2.00,51.00,35.00,12.00,4.00,53247.01,0.00,0.00
1404,150,6.00,52.00,21.00,19.00,12.00,100000.00,0.00,0.00
1405,150,2.00,52.00,30.00,18.00,4.00,55199.54,0.00,0.00
1406,150,3.00,46.98,28.99,12.00,6.00,57223.68,0.00,0.00
1407,150,2.00,47.03,32.02,11.01,4.00,66090.17,0.00,0.00
1408,150,1.00,25.00,17.00,6.00,2.00,30469.90,0.00,0.00
1409,150,2.00,40.00,29.00,7.00,4.00,100000.00,0.00,0.00
1410,150,0.00,27.00,22.00,5.00,0.00,0.00,0.00,0.00
1411,150,1.00,35.00,27.00,6.00,2.00,63752.41,0.00,0.00
1412,150,1.00,36.01,29.01,5.00,2.00,89759.24,0.00,0.00
1413,150,5.00,77.00,50.00,17.00,10.00,100000.00,0.00,0.00
1414,150,6.00,50.98,24.99,14.00,12.00,98215.46,0.00,0.00
1415,150,3.00,81.02,66.02,9.00,6.00,57223.68,0.00,0.00
1416,150,3.00,46.00,28.00,12.00,6.00,69758.52,0.00,0.00
1417,150,7.00,48.99,19.00,16.00,14.00,100000.00,0.00,0.00
1418,150,2.00,39.01,23.01,12.00,4.00,63752.41,0.00,0.00
1419,150,4.00,63.00,37.00,18.00,8.00,100000.00,0.00,0.00
1420,150,2.00,36.00,22.00,10.00,4.00,73630.49,0.00,0.00
1421,150,3.00,65.01,49.00,10.00,6.00,83521.57,0.00,0.00
1422,150,6.00,49.00,25.00,12.00,12.00,96462.77,0.00,0.00
1423,150,1.00,28.00,23.00,3.00,2.00,37819.22,0.00,0.00
1424,150,2.00,71.98,59.98,8.00,4.00,74968.33,0.00,0.00
1425,150,7.00,92.03,58.02,20.01,14.01,100000.00,0.00,0.00
1426,150,2.00,69.00,43.00,22.00,4.00,57223.68,0.00,0.00
1427,150,1.00,31.99,26.99,3.00,2.00,74968.33,0.00,0.00
1428,150,3.00,73.01,59.01,8.00,6.00,85039.12,0.00,0.00
1429,150,5.00,55.00,23.00,22.00,10.00,72316.52,0.00,0.00
1430,150,2.00,41.01,31.01,6.00,4.00,80567.22,0.00,0.00
1431,150,5.00,68.00,45.00,13.00,10.00,63752.41,0.00,0.00
1432,150,1.00,49.00,41.00,6.00,2.00,34563.04,0.00,0.00
1433,150,2.00,68.00,59.00,5.00,4.00,100000.00,0.00,0.00
1434,150,1.00,33.99,29.99,2.00,2.00,93050.66,0.00,0.00
1435,150,2.00,23.01,13.00,6.00,4.00,93050.66,0.00,0.00
1436,150,3.00,44.98,25.99,12.99,6.00,89759.24,0.00,0.00
1437,150,1.00,47.01,41.01,4.00,2.00,74968.33,0.00,0.00
1438,150,3.00,43.01,26.01,11.00,6.00,88157.45,0.00,0.00
1439,150,3.00,51.00,38.00,7.00,6.00,66090.17,0.00,0.00
1440,150,3.00,58.99,44.00,9.00,6.00,67291.00,0.00,0.00
1441,150,1.00,48.99,42.99,4.00,2.00,28867.59,0.00,0.00
1442,150,0.00,12.00,9.00,3.00,0.00,0.00,0.00,0.00
1443,150,2.00,54.01,38.01,12.00,4.00,73630.49,0.00,0.00
1444,150,1.00,39.00,28.00,9.00,2.00,55199.54,0.00,0.00
1445,150,4.00,40.00,26.00,6.00,8.00,93050.66,0.00,0.00
1446,150,3.00,47.99,32.99,9.00,6.00,69758.52,0.00,0.00
1447,150,0.00,33.00,28.00,5.00,0.00,0.00,0.00,0.00
1448,150,2.00,28.01,14.00,10.00,4.00,58263.41,0.00,0.00
1449,150,2.00,51.98,39.99,8.00,4.00,62614.72,0.00,0.00
1450,150,0.00,28.01,22.00,6.00,0.00,0.00,0.00,0.00
1451,150,1.00,36.00,28.00,6.00,2.00,82031.09,0.00,0.00
1452,150,2.00,35.00,27.00,4.00,4.00,100000.00,0.00,0.00
1453,150,2.00,28.99,17.00,8.00,4.00,69758.52,0.00,0.00
1454,150,3.00,45.02,31.01,8.00,6.00,86584.25,0.00,0.00
1455,150,5.00,53.98,28.99,14.99,10.00,100000.00,0.00,0.00
1456,150,1.00,45.02,41.01,2.00,2.00,49546.69,0.00,0.00
1457,150,2.00,34.00,23.00,7.00,4.00,67291.00,0.00,0.00
1458,150,1.00,47.98,35.99,10.00,2.00,41382.17,0.00,0.00
1459,150,3.00,53.02,34.01,13.00,6.00,73630.49,0.00,0.00
1460,150,3.00,46.00,31.00,9.00,6.00,73630.49,0.00,0.00
1461,150,1.00,30.00,24.00,4.00,2.00,57223.68,0.00,0.00
1462,150,0.00,32.00,26.00,6.00,0.00,0.00,0.00,0.00
1463,150,3.00,42.99,23.99,13.00,6.00,100000.00,0.00,0.00
1464,150,5.00,40.01,14.00,16.00,10.00,100000.00,0.00,0.00
1465,150,2.00,24.00,14.00,6.00,4.00,63752.41,0.00,0.00
1466,150,3.00,77.01,48.00,23.00,6.00,63752.41,0.00,0.00
1467,150,1.00,29.00,24.00,3.00,2.00,98215.46,0.00,0.00
1468,150,2.00,33.00,22.00,7.00,4.00,100000.00,0.00,0.00
1469,150,1.00,27.99,21.99,4.00,2.00,66090.17,0.00,0.00
1470,150,2.00,25.01,17.01,4.00,4.00,57223.68,0.00,0.00
1471,150,0.00,31.00,27.00,4.00,0.00,0.00,0.00,0.00
1472,150,2.00,46.98,36.99,6.00,4.00,41382.17,0.00,0.00
1473,150,3.00,65.00,45.00,14.00,6.00,93050.66,0.00,0.00
1474,150,3.00,62.01,43.01,13.00,6.00,55199.54,0.00,0.00
1475,150,2.00,45.01,32.01,9.00,4.00,57223.68,0.00,0.00
1476,150,0.00,38.00,27.00,11.00,0.00,0.00,0.00,0.00
1477,150,1.00,34.00,27.00,5.00,2.00,50446.94,0.00,0.00
1478,150,3.00,36.00,24.00,6.00,6.00,100000.00,0.00,0.00
1479,150,6.00,55.00,22.00,21.00,12.00,100000.00,0.00,0.00
1480,150,3.00,45.99,30.99,9.00,6.00,82031.09,0.00,0.00
1481,150,3.00,53.02,35.01,12.00,6.00,74968.33,0.00,0.00
1482,150,5.00,59.00,41.00,8.00,10.00,67291.00,0.00,0.00
1483,150,2.00,49.00,40.00,5.00,4.00,66090.17,0.00,0.00
1484,150,1.00,24.00,17.00,5.00,2.00,64910.76,0.00,0.00
1485,150,2.00,61.00,50.00,7.00,4.00,56202.50,0.00,0.00
1486,150,2.00,54.00,43.00,7.00,4.00,73630.49,0.00,0.00
1487,150,2.00,62.00,47.00,11.00,4.00,79129.46,0.00,0.00
1488,150,3.00,39.00,25.00,8.00,6.00,74968.33,0.00,0.00
1489,150,4.00,79.00,62.00,9.00,8.00,100000.00,0.00,0.00
1490,150,1.00,46.00,36.00,8.00,2.00,86584.25,0.00,0.00
1491,150,0.00,25.00,23.00,2.00,0.00,0.00,0.00,0.00
1492,150,2.00,37.00,29.00,4.00,4.00,100000.00,0.00,0.00
1493,150,1.00,52.00,40.00,10.00,2.00,37819.22,0.00,0.00
1494,150,2.00,48.00,37.00,7.00,4.00,80567.22,0.00,0.00
1495,150,4.00,39.98,19.99,12.00,8.00,86584.25,0.00,0.00
1496,150,1.00,47.01,38.01,7.00,2.00,60399.89,0.00,0.00
1497,150,0.00,31.00,24.00,7.00,0.00,0.00,0.00,0.00
1498,150,2.00,26.00,11.00,11.00,4.00,77717.37,0.00,0.00
1499,150,3.00,49.98,35.99,8.00,6.00,80567.22,0.00,0.00
1500,150,2.00,37.00,26.00,7.00,4.00,69758.52,0.00,0.00
1501,150,2.00,49.01,40.01,5.00,4.00,76330.47,0.00,0.00
1502,150,2.00,43.99,33.99,6.00,4.00,86584.25,0.00,0.00
1503,150,2.00,30.00,18.00,8.00,4.00,98215.46,0.00,0.00
1504,150,4.00,53.00,31.00,14.00,8.00,100000.00,0.00,0.00
1505,150,2.00,44.00,30.00,10.00,4.00,77717.37,0.00,0.00
1506,150,2.00,60.00,42.00,14.00,4.00,73630.49,0.00,0.00
1507,150,1.00,33.00,25.00,6.00,2.00,82031.09,0.00,0.00
1508,150,1.00,34.99,26.00,7.00,2.00,83521.57,0.00,0.00
1509,150,3.00,46.00,32.00,8.00,6.00,91390.13,0.00,0.00
1510,150,2.00,42.98,31.98,7.00,4.00,96462.77,0.00,0.00
1511,150,5.00,59.03,34.02,15.01,10.01,71026.01,0.00,0.00
1512,150,2.00,37.00,22.00,11.00,4.00,62614.72,0.00,0.00
1513,150,4.00,51.00,28.00,15.00,8.00,83521.57,0.00,0.00
1514,150,3.00,43.98,30.98,7.00,6.00,74968.33,0.00,0.00
1515,150,2.00,61.03,45.02,12.01,4.00,73630.49,0.00,0.00
1516,150,1.00,39.00,33.00,4.00,2.00,74968.33,0.00,0.00
1517,150,3.00,49.99,30.99,13.00,6.00,88157.45,0.00,0.00
1518,150,3.00,53.01,32.01,15.00,6.00,82031.09,0.00,0.00
1519,150,5.00,79.00,57.00,12.00,10.00,100000.00,0.00,0.00
1520,150,0.00,27.00,21.00,6.00,0.00,0.00,0.00,0.00
1521,150,1.00,54.98,38.99,14.00,2.00,46103.52,0.00,0.00
1522,150,1.00,61.02,47.01,12.00,2.00,100000.00,0.00,0.00
1523,150,2.00,41.99,27.99,10.00,4.00,68513.65,0.00,0.00
1524,150,1.00,43.01,40.01,1.00,2.00,59322.03,0.00,0.00
1525,150,3.00,57.00,44.00,7.00,6.00,89759.24,0.00,0.00
1526,150,0.00,34.00,27.00,7.00,0.00,0.00,0.00,0.00
1527,150,1.00,48.99,37.99,9.00,2.00,53247.01,0.00,0.00
1528,150,1.00,41.01,32.01,7.00,2.00,74968.33,0.00,0.00
1529,150,1.00,49.00,37.00,10.00,2.00,46103.52,0.00,0.00
1530,150,0.00,49.01,42.00,7.00,0.00,0.00,0.00,0.00
1531,150,2.00,55.98,44.98,7.00,4.00,49546.69,0.00,0.00
1532,150,11.00,93.03,31.01,40.01,22.01,74968.33,0.00,0.00
1533,150,1.00,6.00,2.00,2.00,2.00,51363.54,0.00,0.00
1534,150,2.00,36.01,19.00,13.00,4.00,55199.54,0.00,0.00
1535,150,3.00,35.01,19.00,10.00,6.00,100000.00,0.00,0.00
